1
2
2
3
4
4
4
2
3
3
3
3
4
3
2
2
2
2
3
2
3
2
3
4
4
5
1
2
3
4
2
3
2
3
2
3
3
3
77443
77439
77435
77431
77427
77423
77419
77415
77411
77407
77403
77399
77395
77391
77387
77383
77379
77375
77371
77367
77363
77361
77358
77355
77352
77349
77346
77343
77340
77337
77334
77331
77328
77325
77322
77319
77316
77313
77310
77307
77304
77301
77298
77295
77292
77289
77286
77283
77280
77277
77274
77271
77268
77265
77262
77259
77256
77253
77250
77247
77244
77241
77238
77235
77232
77229
77226
77223
77220
77217
77214
77211
77208
77205
77202
77199
77196
77193
77190
77187
77184
77181
77178
77175
77172
77169
77166
77163
77160
77157
77154
77151
77148
77145
77142
77139
77136
77133
77130
77127
77124
77121
77118
77115
77112
77109
77106
77103
77100
77097
77094
77091
77088
77085
77082
77079
77076
77073
77070
77067
77064
77061
77058
77055
77052
77049
77046
77043
77040
77037
77034
77031
77028
77025
77022
77019
77016
77013
77010
77007
77004
77001
76998
76995
76992
76989
76986
76983
76980
76977
76974
76971
76968
76965
76962
76959
76956
76953
76950
76947
76944
76941
76938
76935
76932
76929
76926
76923
76920
76917
76914
76911
76908
76905
76902
76899
76896
76893
76890
76887
76884
76881
76878
76875
76872
76869
76866
76863
76860
76857
76854
76851
76848
76845
76842
76839
76836
76833
76830
76827
76824
76821
76818
76815
76812
76809
76806
76803
76800
76797
76794
76791
76788
76785
76782
76779
76776
76773
76770
76767
76764
76761
76758
76755
76752
76749
76746
76743
76740
76737
76734
76731
76728
76725
76722
76719
76716
76713
76710
76707
76704
76701
76698
76695
76692
76689
76686
76683
76680
76677
76674
76671
76668
76665
76662
76659
76656
76653
76650
76647
76644
76641
76638
76635
76632
76629
76626
76623
76620
76617
76614
76611
76608
76605
76602
76599
76596
76593
76590
76587
76584
76581
76578
76575
76572
76569
76566
76563
76560
76557
76554
76551
76548
76545
76542
76539
76536
76533
76530
76527
76524
76521
76518
76515
76512
76509
76506
76503
76500
76497
76494
76491
76488
76485
76482
76479
76476
76473
76470
76467
76464
76461
76458
76455
76452
76449
76446
76443
76440
76437
76434
76431
76428
76425
76422
76419
76416
76413
76410
76407
76404
76401
76398
76395
76392
76389
76386
76383
76380
76377
76374
76371
76368
76365
76362
76359
76356
76353
76350
76347
76344
76341
76338
76335
76332
76329
76326
76323
76320
76317
76314
76311
76308
76305
76302
76299
76296
76293
76290
76287
76284
76281
76278
76275
76272
76269
76266
76263
76260
76257
76254
76251
76248
76245
76242
76239
76236
76233
76230
76227
76224
76221
76218
76215
76212
76209
76206
76203
76200
76197
76194
76191
76188
76185
76182
76179
76176
76173
76170
76167
76164
76161
76158
76155
76152
76149
76146
76143
76140
76137
76134
76131
76128
76125
76122
76119
76116
76113
76110
76107
76104
76101
76098
76095
76092
76089
76086
76083
76080
76077
76074
76071
76068
76065
76062
76059
76056
76053
76050
76047
76044
76041
76038
76035
76032
76029
76026
76023
76020
76017
76014
76011
76008
76005
76002
75999
75996
75993
75990
75987
75984
75981
75978
75975
75972
75969
75966
75963
75960
75957
75954
75951
75948
75945
75942
75939
75936
75933
75930
75927
75924
75921
75918
75915
75912
75909
75906
75903
75900
75897
75894
75891
75888
75885
75882
75879
75876
75873
75870
75867
75864
75861
75858
75855
75852
75849
75846
75843
75840
75837
75834
75831
75828
75825
75822
75819
75816
75813
75810
75807
75804
75801
75798
75795
75792
75789
75786
75783
75780
75777
75774
75771
75768
75765
75762
75759
75756
75753
75750
75747
75744
75741
75738
75735
75732
75729
75726
75723
75720
75717
75714
75711
75708
75705
75702
75699
75696
75693
75690
75687
75684
75681
75678
75675
75672
75669
75666
75663
75660
75657
75654
75651
75648
75645
75642
75639
75636
75633
75630
75627
75624
75621
75618
75615
75612
75609
75606
75603
75600
75597
75594
75591
75588
75585
75582
75579
75576
75573
75570
75567
75564
75561
75558
75555
75552
75549
75546
75543
75540
75537
75534
75531
75528
75525
75522
75519
75516
75513
75510
75507
75504
75501
75498
75495
75492
75489
75486
75483
75480
75477
75474
75471
75468
75465
75462
75459
75456
75453
75450
75447
75444
75441
75438
75435
75432
75429
75426
75423
75420
75417
75414
75411
75408
75405
75402
75399
75396
75393
75390
75387
75384
75381
75378
75375
75372
75369
75366
75363
75360
75357
75354
75351
75348
75345
75342
75339
75336
75333
75330
75327
75324
75321
75318
75315
75312
75309
75306
75303
75300
75297
75294
75291
75288
75285
75282
75279
75276
75273
75270
75267
75264
75261
75258
75255
75252
75249
75246
75243
75240
75237
75234
75231
75228
75225
75222
75219
75216
75213
75210
75207
75204
75201
75198
75195
75192
75189
75186
75183
75180
75177
75174
75171
75168
75165
75162
75159
75156
75153
75150
75147
75144
75141
75138
75135
75132
75129
75126
75123
75120
75117
75114
75111
75108
75105
75102
75099
75096
75093
75090
75087
75084
75081
75078
75075
75072
75069
75066
75063
75060
75057
75054
75051
75048
75045
75042
75039
75036
75033
75030
75027
75024
75021
75018
75015
75012
75009
75006
75003
75000
74997
74994
74991
74988
74985
74982
74979
74976
74973
74970
74967
74964
74961
74958
74955
74952
74949
74946
74943
74940
74937
74934
74931
74928
74925
74922
74919
74916
74913
74910
74907
74904
74901
74898
74895
74892
74889
74886
74883
74880
74877
74874
74871
74868
74865
74862
74859
74856
74853
74850
74847
74844
74841
74838
74835
74832
74829
74826
74823
74820
74817
74814
74811
74808
74805
74802
74799
74796
74793
74790
74787
74784
74781
74778
74775
74772
74769
74766
74763
74760
74757
74754
74751
74748
74745
74742
74739
74736
74733
74730
74727
74724
74721
74718
74715
74712
74709
74706
74703
74700
74697
74694
74691
74688
74685
74682
74679
74676
74673
74670
74667
74664
74661
74658
74655
74652
74649
74646
74643
74640
74637
74634
74631
74628
74625
74622
74619
74616
74613
74610
74607
74604
74601
74598
74595
74592
74589
74586
74583
74580
74577
74574
74571
74568
74565
74562
74559
74556
74553
74550
74547
74544
74541
74538
74535
74532
74529
74526
74523
74520
74517
74514
74511
74508
74505
74502
74499
74496
74493
74490
74487
74484
74481
74478
74475
74472
74469
74466
74463
74460
74457
74454
74451
74448
74445
74442
74439
74436
74433
74430
74427
74424
74421
74418
74415
74412
74409
74406
74403
74400
74397
74394
74391
74388
74385
74382
74379
74376
74373
74370
74367
74364
74361
74358
74355
74352
74349
74346
74343
74340
74337
74334
74331
74328
74325
74322
74319
74316
74313
74310
74307
74304
74301
74298
74295
74292
74289
74286
74283
74280
74277
74274
74271
74268
74265
74262
74259
74256
74253
74250
74247
74244
74241
74238
74235
74232
74229
74226
74223
74220
74217
74214
74211
74208
74205
74202
74199
74196
74193
74190
74187
74184
74181
74178
74175
74172
74169
74166
74163
74160
74157
74154
74151
74148
74145
74142
74139
74136
74133
74130
74127
74124
74121
74118
74115
74112
74109
74106
74103
74100
74097
74094
74091
74088
74085
74082
74079
74076
74073
74070
74067
74064
74061
74058
74055
74052
74049
74046
74043
74040
74037
74034
74031
74028
74025
74022
74019
74016
74013
74010
74007
74004
74001
73998
73995
73992
73989
73986
73983
73980
73977
73974
73971
73968
73965
73962
73959
73956
73953
73950
73947
73944
73941
73938
73935
73932
73929
73926
73923
73920
73917
73914
73911
73908
73905
73902
73899
73896
73893
73890
73887
73884
73881
73878
73875
73872
73869
73866
73863
73860
73857
73854
73851
73848
73845
73842
73839
73836
73833
73830
73827
73824
73821
73818
73815
73812
73809
73806
73803
73800
73797
73794
73791
73788
73785
73782
73779
73776
73773
73770
73767
73764
73761
73758
73755
73752
73749
73746
73743
73740
73737
73734
73731
73728
73725
73722
73719
73716
73713
73710
73707
73704
73701
73698
73695
73692
73689
73686
73683
73680
73677
73674
73671
73668
73665
73662
73659
73656
73653
73650
73647
73644
73641
73638
73635
73632
73629
73626
73623
73620
73617
73614
73611
73608
73605
73602
73599
73596
73593
73590
73587
73584
73581
73578
73575
73572
73569
73566
73565
73563
73561
73559
73557
73555
73553
73551
73549
73547
73545
73543
73541
73539
73537
73535
73533
73531
73529
73527
73525
73523
73521
73519
73517
73515
73513
73511
73509
73507
73505
73503
73501
73499
73497
73495
73493
73491
73489
73487
73485
73483
73481
73479
73477
73475
73473
73471
73469
73467
73465
73463
73461
73459
73457
73455
73453
73451
73449
73447
73445
73443
73441
73439
73437
73435
73433
73431
73429
73427
73425
73423
73421
73419
73417
73415
73413
73411
73409
73407
73405
73403
73401
73399
73397
73395
73393
73391
73389
73387
73385
73383
73381
73379
73377
73375
73373
73371
73369
73367
73365
73363
73361
73359
73357
73355
73353
73351
73349
73347
73345
73343
73341
73339
73337
73335
73333
73331
73329
73327
73325
73323
73321
73319
73317
73315
73313
73311
73309
73307
73305
73303
73301
73299
73297
73295
73293
73291
73289
73287
73285
73283
73281
73279
73277
73275
73273
73271
73269
73267
73265
73263
73261
73259
73257
73255
73253
73251
73249
73247
73245
73243
73241
73239
73237
73235
73233
73231
73229
73227
73224
73222
73220
73218
73216
73214
73212
73210
73208
73206
73204
73202
73200
73198
73195
73193
73191
73188
73186
73184
73182
73180
73178
73176
73174
73172
73170
73168
73166
73164
73162
73160
73158
73156
73154
73152
73150
73148
73146
73144
73142
73140
73138
73136
73134
73132
73130
73128
73126
73124
73122
73120
73118
73116
73114
73112
73110
73108
73106
73104
73102
73100
73098
73096
73094
73092
73090
73088
73086
73084
73082
73080
73078
73076
73074
73072
73070
73068
73066
73064
73062
73060
73058
73056
73054
73052
73050
73048
73046
73044
73042
73040
73038
73036
73034
73032
73030
73028
73026
73024
73022
73020
73018
73016
73014
73012
73010
73008
73006
73004
73002
73000
72998
72996
72994
72992
72990
72988
72986
72984
72982
72980
72978
72976
72974
72971
72969
72967
72965
72963
72961
72959
72957
72955
72953
72951
72949
72947
72945
72943
72941
72939
72937
72935
72933
72931
72929
72927
72925
72923
72921
72919
72917
72915
72913
72911
72909
72907
72905
72903
72901
72899
72897
72895
72893
72891
72889
72887
72885
72883
72881
72879
72877
72875
72873
72871
72869
72867
72865
72863
72861
72859
72857
72855
72853
72851
72849
72847
72845
72843
72841
72839
72837
72835
72833
72831
72829
72827
72825
72823
72821
72819
72817
72815
72813
72811
72809
72807
72805
72803
72801
72799
72797
72795
72793
72791
72789
72787
72785
72783
72781
72779
72777
72775
72773
72771
72769
72767
72765
72763
72761
72759
72757
72755
72753
72751
72749
72747
72745
72743
72741
72739
72737
72735
72733
72731
72729
72727
72725
72723
72721
72719
72717
72715
72713
72711
72709
72707
72705
72703
72701
72699
72697
72695
72693
72691
72689
72687
72685
72683
72681
72679
72677
72675
72673
72671
72669
72667
72665
72663
72661
72659
72657
72655
72653
72651
72649
72647
72645
72643
72641
72639
72637
72635
72633
72631
72629
72627
72625
72623
72621
72619
72617
72615
72613
72611
72609
72607
72605
72603
72601
72599
72597
72595
72593
72591
72589
72587
72585
72583
72581
72579
72577
72575
72573
72570
72568
72566
72564
72562
72560
72558
72556
72554
72552
72550
72548
72546
72543
72541
72539
72537
72535
72533
72531
72529
72527
72525
72523
72521
72519
72517
72515
72513
72511
72509
72507
72505
72503
72501
72499
72497
72495
72493
72491
72489
72487
72485
72483
72481
72479
72477
72475
72473
72471
72469
72467
72465
72463
72461
72459
72457
72455
72453
72451
72449
72447
72445
72443
72441
72439
72437
72435
72433
72431
72429
72427
72425
72423
72421
72419
72417
72415
72413
72411
72409
72407
72405
72403
72401
72399
72397
72395
72393
72391
72389
72387
72385
72383
72381
72379
72377
72375
72373
72371
72369
72367
72365
72363
72361
72359
72357
72355
72353
72351
72349
72347
72345
72343
72341
72338
72336
72334
72332
72330
72328
72326
72324
72322
72320
72318
72316
72314
72312
72310
72308
72306
72304
72302
72300
72298
72296
72294
72292
72290
72288
72285
72283
72281
72279
72277
72275
72273
72271
72269
72267
72265
72263
72261
72259
72257
72255
72253
72251
72249
72247
72245
72243
72241
72239
72237
72235
72233
72231
72229
72227
72225
72223
72221
72219
72217
72215
72213
72211
72209
72207
72205
72203
72201
72199
72197
72195
72193
72191
72189
72187
72185
72183
72181
72179
72177
72175
72173
72171
72169
72167
72165
72163
72161
72159
72157
72155
72153
72151
72149
72147
72145
72143
72141
72139
72137
72135
72133
72131
72129
72127
72125
72123
72120
72118
72116
72114
72112
72110
72108
72106
72104
72102
72100
72098
72096
72094
72092
72090
72088
72086
72084
72082
72080
72078
72076
72074
72072
72070
72068
72066
72064
72062
72060
72058
72056
72054
72052
72050
72048
72046
72044
72042
72040
72038
72036
72034
72032
72030
72028
72026
72023
72021
72019
72017
72015
72013
72011
72009
72007
72005
72003
72001
71999
71997
71995
71993
71991
71968
71966
71965
71963
71961
71959
71957
71955
71953
71951
71949
71947
71945
71943
71941
71939
71937
71935
71933
71931
71929
71927
71925
71923
71921
71919
71917
71915
71913
71911
71909
71907
71905
71903
71901
71899
71897
71895
71893
71891
71889
71887
71885
71883
71881
71879
71877
71875
71873
71871
71869
71867
71865
71863
71861
71859
71857
71855
71853
71851
71849
71847
71845
71843
71841
71839
71837
71835
71833
71831
71829
71827
71825
71823
71821
71819
71817
71815
71813
71811
71809
71807
71805
71803
71801
71799
71797
71795
71793
71791
71789
71787
71785
71783
71781
71779
71777
71775
71773
71771
71769
71767
71765
71763
71761
71759
71757
71755
71753
71751
71749
71747
71745
71743
71741
71739
71737
71735
71733
71731
71729
71727
71725
71723
71721
71719
71717
71715
71713
71711
71709
71707
71705
71703
71701
71699
71697
71695
71693
71691
71689
71687
71685
71683
71681
71679
71677
71675
71673
71671
71669
71667
71665
71663
71661
71659
71657
71655
71653
71651
71649
71647
71645
71643
71641
71639
71637
71635
71633
71631
71629
71627
71625
71623
71621
71619
71617
71615
71613
71611
71609
71607
71605
71603
71601
71599
71597
71595
71593
71591
71589
71587
71585
71583
71581
71579
71577
71575
71573
71571
71569
71567
71565
71563
71561
71559
71557
71555
71553
71551
71549
71547
71545
71543
71541
71539
71537
71535
71533
71531
71529
71527
71525
71523
71521
71519
71517
71515
71513
71511
71509
71507
71505
71502
71500
71498
71496
71494
71492
71490
71488
71486
71484
71482
71480
71478
71476
71474
71472
71470
71468
71466
71464
71462
71460
71458
71456
71454
71452
71450
71448
71446
71444
71442
71440
71438
71436
71434
71432
71430
71428
71426
71424
71422
71420
71418
71416
71414
71412
71410
71408
71406
71404
71402
71400
71398
71396
71394
71392
71390
71388
71386
71384
71382
71380
71378
71376
71374
71372
71370
71368
71366
71364
71362
71360
71358
71356
71354
71352
71350
71348
71346
71344
71342
71340
71338
71336
71334
71332
71330
71328
71326
71324
71322
71320
71318
71316
71314
71312
71310
71308
71306
71304
71302
71300
71298
71296
71294
71292
71290
71288
71286
71284
71282
71280
71278
71276
71274
71272
71270
71268
71266
71264
71262
71260
71258
71256
71254
71252
71250
71248
71246
71244
71242
71240
71238
71236
71234
71232
71230
71228
71226
71224
71222
71220
71218
71216
71214
71212
71210
71208
71206
71204
71202
71200
71198
71196
71194
71192
71190
71188
71186
71184
71182
71180
71178
71176
71174
71172
71170
71168
71166
71163
71161
71159
71157
71155
71153
71151
71149
71147
71145
71143
71141
71139
71137
71135
71133
71131
71129
71127
71125
71123
71121
71119
71117
71115
71113
71111
71109
71107
71105
71103
71101
71099
71097
71095
71093
71091
71089
71087
71085
71083
71081
71079
71077
71075
71073
71071
71069
71067
71065
71063
71061
71059
71057
71055
71053
71051
71049
71047
71045
71043
71041
71039
71037
71035
71033
71031
71029
71027
71025
71023
71021
71019
71017
71015
71013
71011
71009
71007
71005
71003
71001
70999
70997
70995
70993
70991
70989
70987
70985
70983
70981
70979
70977
70975
70973
70971
70969
70967
70965
70963
70961
70959
70957
70955
70953
70951
70949
70947
70945
70943
70941
70939
70937
70935
70933
70931
70929
70927
70925
70923
70921
70919
70917
70915
70913
70911
70909
70907
70905
70903
70900
70898
70896
70894
70892
70890
70888
70886
70884
70882
70880
70878
70876
70874
70872
70870
70868
70866
70864
70862
70860
70858
70856
70854
70852
70850
70848
70846
70844
70842
70840
70838
70836
70834
70832
70830
70828
70826
70824
70822
70820
70818
70816
70814
70812
70810
70808
70806
70804
70802
70800
70798
70796
70794
70792
70790
70788
70786
70784
70782
70780
70778
70776
70774
70772
70770
70768
70766
70764
70762
70760
70758
70756
70754
70752
70750
70748
70746
70744
70742
70740
70738
70736
70734
70732
70730
70728
70726
70724
70722
70720
70718
70716
70714
70712
70710
70708
70706
70704
70702
70700
70698
70696
70694
70692
70690
70688
70686
70684
70682
70680
70678
70676
70674
70672
70670
70668
70666
70664
70662
70660
70658
70656
70654
70652
70650
70648
70646
70644
70642
70640
70638
70636
70634
70632
70630
70628
70626
70624
70622
70620
70618
70616
70614
70612
70610
70608
70606
70604
70602
70600
70598
70596
70594
70592
70590
70588
70586
70584
70582
70580
70578
70576
70574
70572
70570
70568
70566
70564
70562
70560
70558
70556
70554
70552
70550
70548
70546
70544
70542
70540
70538
70536
70534
70532
70530
70528
70526
70523
70521
70519
70517
70515
70513
70511
70509
70507
70505
70503
70501
70499
70497
70495
70493
70491
70489
70487
70485
70483
70481
70479
70477
70475
70473
70471
70469
70467
70465
70463
70461
70459
70457
70454
70452
70450
70448
70446
70444
70442
70440
70438
70436
70434
70432
70430
70428
70426
70424
70422
70420
70418
70416
70414
70412
70410
70408
70406
70404
70402
70400
70398
70396
70394
70392
70390
70388
70386
70384
70382
70380
70378
70376
70374
70372
70370
70368
70366
70364
70362
70360
70358
70356
70354
70352
70350
70348
70346
70344
70342
70340
70338
70336
70334
70332
70330
70328
70326
70324
70322
70320
70318
70316
70314
70312
70310
70308
70306
70304
70302
70300
70298
70296
70294
70292
70290
70288
70286
70284
70282
70280
70278
70276
70274
70272
70270
70268
70266
70264
70262
70260
70258
70256
70254
70252
70250
70248
70246
70244
70242
70240
70238
70236
70234
70232
70230
70228
70226
70224
70222
70220
70218
70216
70214
70212
70210
70208
70206
70204
70202
70200
70198
70196
70194
70192
70190
70188
70186
70184
70182
70180
70178
70176
70174
70172
70170
70168
70166
70164
70162
70160
70158
70156
70154
70152
70150
70148
70146
70144
70142
70140
70138
70136
70134
70132
70130
70128
70126
70124
70122
70120
70118
70116
70114
70112
70110
70108
70106
70104
70102
70100
70098
70096
70094
70092
70090
70088
70086
70084
70082
70080
70078
70076
70074
70072
70070
70068
70066
70064
70062
70060
70058
70056
70054
70052
70050
70048
70046
70044
70041
70039
70037
70035
70033
70031
70029
70027
70025
70023
70021
70019
70017
70015
70013
70011
70009
70007
70005
70003
70001
69999
69997
69995
69993
69991
69989
69987
69985
69983
69981
69979
69977
69975
69973
69970
69968
69966
69964
69962
69960
69958
69956
69954
69952
69950
69948
69946
69944
69942
69940
69938
69936
69934
69932
69930
69928
69926
69924
69922
69920
69918
69916
69913
69911
69909
69907
69905
69903
69901
69899
69897
69895
69893
69891
69889
69887
69885
69883
69881
69879
69877
69875
69873
69871
69869
69867
69865
69863
69861
69859
69857
69855
69853
69851
69849
69846
69844
69842
69840
69838
69836
69834
69832
69830
69828
69826
69824
69822
69820
69818
69816
69814
69812
69810
69808
69806
69804
69802
69800
69798
69796
69794
69792
69790
69788
69786
69784
69782
69780
69778
69776
69774
69772
69770
69768
69766
69764
69762
69760
69758
69756
69754
69752
69750
69748
69746
69744
69742
69740
69738
69736
69734
69732
69730
69728
69726
69724
69722
69720
69718
69716
69714
69712
69710
69708
69706
69704
69702
69700
69698
69696
69694
69692
69690
69688
69686
69684
69682
69680
69678
69676
69674
69672
69670
69668
69666
69664
69662
69660
69658
69656
69654
69652
69650
69648
69646
69644
69642
69640
69638
69636
69634
69632
69630
69628
69626
69624
69622
69620
69618
69616
69614
69612
69610
69608
69606
69604
69602
69600
69598
69596
69594
69592
69590
69588
69586
69584
69582
69580
69578
69576
69574
69572
69570
69568
69566
69564
69562
69560
69558
69556
69554
69552
69550
69548
69546
69544
69542
69540
69538
69536
69534
69532
69530
69528
69526
69524
69522
69520
69518
69516
69514
69512
69510
69508
69506
69504
69502
69500
69498
69496
69494
69492
69490
69488
69486
69484
69482
69480
69478
69476
69474
69472
69470
69468
69466
69464
69462
69460
69458
69456
69454
69452
69450
69448
69446
69444
69442
69440
69438
69436
69434
69432
69430
69428
69426
69424
69422
69420
69418
69416
69414
69412
69410
69408
69406
69404
69402
69399
69397
69395
69393
69391
69389
69387
69385
69383
69381
69379
69377
69375
69373
69371
69369
69367
69365
69363
69361
69359
69357
69355
69353
69351
69349
69347
69345
69343
69341
69339
69337
69335
69333
69331
69329
69327
69325
69323
69321
69319
69317
69315
69313
69311
69309
69307
69305
69303
69301
69299
69297
69295
69293
69291
69289
69287
69285
69283
69281
69279
69277
69275
69273
69271
69269
69267
69265
69263
69261
69259
69257
69255
69253
69251
69249
69247
69245
69243
69241
69239
69237
69235
69233
69231
69229
69227
69225
69223
69221
69219
69217
69215
69213
69211
69208
69206
69204
69202
69200
69198
69196
69194
69192
69190
69188
69186
69184
69182
69180
69178
69176
69174
69172
69170
69168
69166
69164
69162
69160
69158
69156
69154
69152
69150
69148
69146
69144
69142
69140
69138
69136
69134
69132
69130
69128
69126
69124
69122
69120
69118
69116
69114
69112
69110
69108
69106
69104
69102
69100
69098
69096
69094
69092
69090
69088
69086
69084
69082
69080
69078
69076
69074
69072
69070
69068
69066
69064
69062
69060
69058
69056
69054
69052
69049
69047
69045
69043
69041
69039
69037
69035
69033
69031
69029
69027
69025
69023
69021
69019
69017
69015
69013
69011
69009
69007
69005
69003
69000
68998
68996
68994
68992
68990
68988
68986
68984
68982
68980
68978
68976
68974
68972
68970
68968
68966
68964
68962
68960
68958
68956
68954
68952
68950
68948
68946
68944
68942
68940
68938
68936
68934
68932
68930
68928
68926
68924
68922
68920
68918
68916
68914
68912
68910
68908
68906
68904
68902
68900
68898
68896
68894
68892
68890
68888
68886
68884
68882
68880
68878
68876
68874
68872
68870
68868
68866
68864
68862
68860
68858
68856
68854
68852
68850
68848
68846
68844
68842
68840
68838
68836
68834
68832
68830
68828
68826
68824
68822
68820
68818
68816
68814
68812
68810
68808
68806
68804
68802
68800
68798
68796
68794
68792
68790
68788
68786
68784
68782
68780
68778
68776
68774
68772
68770
68768
68766
68764
68762
68760
68758
68756
68754
68752
68750
68748
68746
68744
68742
68740
68738
68736
68734
68732
68730
68728
68726
68724
68722
68720
68718
68716
68714
68712
68710
68708
68706
68704
68702
68700
68698
68696
68694
68692
68690
68688
68686
68684
68682
68680
68678
68676
68674
68672
68669
68667
68665
68663
68661
68659
68657
68655
68653
68651
68649
68647
68645
68643
68641
68639
68637
68635
68633
68631
68629
68627
68625
68623
68621
68619
68617
68615
68613
68611
68609
68607
68605
68603
68601
68599
68597
68595
68593
68591
68589
68587
68585
68583
68581
68579
68577
68575
68573
68571
68569
68567
68565
68563
68561
68559
68557
68555
68553
68551
68549
68547
68545
68543
68541
68539
68537
68535
68533
68531
68529
68527
68525
68522
68519
68517
68515
68513
68511
68509
68507
68505
68503
68501
68499
68497
68495
68493
68491
68489
68487
68485
68483
68481
68479
68477
68475
68473
68471
68469
68467
68465
68463
68461
68459
68457
68455
68453
68451
68449
68447
68445
68443
68441
68439
68437
68435
68433
68431
68429
68427
68425
68423
68421
68419
68417
68415
68413
68411
68409
68407
68405
68403
68401
68399
68397
68395
68393
68391
68389
68387
68385
68383
68381
68379
68377
68375
68373
68371
68369
68367
68365
68363
68361
68359
68357
68355
68353
68351
68349
68347
68345
68343
68341
68339
68337
68335
68333
68331
68329
68327
68325
68323
68321
68319
68317
68315
68313
68311
68309
68307
68305
68303
68301
68299
68297
68295
68293
68291
68289
68287
68285
68283
68281
68279
68277
68275
68273
68271
68269
68267
68265
68263
68261
68259
68257
68255
68253
68251
68249
68247
68245
68243
68241
68239
68237
68235
68233
68231
68229
68227
68225
68223
68221
68219
68217
68215
68213
68211
68209
68207
68205
68203
68201
68199
68197
68195
68193
68191
68189
68187
68185
68183
68181
68179
68177
68175
68173
68171
68169
68167
68165
68163
68161
68159
68157
68155
68153
68151
68149
68147
68145
68143
68141
68139
68137
68135
68133
68131
68129
68127
68125
68123
68121
68119
68117
68115
68113
68111
68109
68107
68105
68103
68101
68099
68097
68095
68093
68091
68089
68087
68085
68084
68083
68081
68080
68078
68076
68075
68074
68072
68070
68068
68067
68066
68063
68062
68061
68060
68059
68057
68056
68054
68053
68051
68049
68047
68046
68045
68044
68043
68041
68039
68037
68036
68035
68034
68032
68031
68029
68027
68025
68023
68022
68020
68018
68016
68015
68014
68012
68010
68009
68007
68006
68004
68003
68001
67999
67998
67997
67996
67994
67993
67992
67991
67990
67989
67988
67987
67986
67985
67984
67983
67981
67979
67977
67975
67974
67973
67971
67969
67967
67966
67965
67963
67961
67960
67959
67957
67956
67955
67953
67951
67949
67948
67947
67946
67945
67943
67942
67941
67940
67939
67937
67935
67933
67932
67930
67929
67928
67927
67926
67924
67923
67922
67921
67919
67918
67917
67915
67914
67913
67912
67911
67910
67909
67908
67907
67906
67905
67904
67902
67901
67899
67897
67895
67893
67892
67890
67888
67887
67885
67883
67881
67880
67878
67877
67876
67875
67873
67872
67871
67870
67869
67868
67867
67866
67864
67862
67861
67860
67859
67859
67858
67858
67857
67857
67857
67857
67856
67855
67854
67852
67851
67850
67849
67848
67846
67845
67843
67842
67841
67840
67838
67836
67835
67834
67832
67830
67829
67828
67827
67826
67825
67824
67823
67821
67819
67817
67816
67815
67814
67813
67812
67811
67810
67809
67808
67805
67804
67803
67801
67799
67797
67796
67795
67794
67792
67790
67788
67786
67785
67784
67783
67782
67781
67780
67778
67776
67776
67776
67775
67775
67774
67774
67774
67774
67774
67774
67773
67771
67771
67771
67771
67771
67770
67769
67768
67767
67766
67765
67764
67763
67762
67761
67760
67759
67758
67757
67756
67755
67754
67753
67752
67751
67750
67749
67748
67747
67746
67744
67743
67742
67741
67740
67739
67738
67737
67736
67735
67734
67732
67731
67730
67729
67728
67727
67726
67725
67724
67723
67721
67720
67719
67718
67717
67716
67715
67714
67713
67712
67711
67710
67709
67708
67706
67705
67704
67703
67702
67701
67700
67699
67698
67696
67695
67694
67693
67692
67691
67690
67689
67688
67687
67686
67685
67684
67683
67682
67681
67680
67679
67678
67677
67676
67675
67674
67673
67672
67671
67670
67669
67668
67667
67666
67665
67663
67662
67661
67660
67659
67658
67657
67656
67655
67654
67653
67652
67651
67650
67649
67648
67647
67646
67645
67644
67643
67642
67641
67640
67639
67638
67637
67636
67635
67634
67633
67631
67630
67629
67628
67627
67626
67625
67624
67623
67622
67621
67620
67619
67617
67616
67615
67614
67613
67612
67611
67610
67608
67607
67606
67605
67604
67603
67601
67600
67599
67598
67597
67596
67595
67594
67593
67592
67591
67590
67588
67587
67586
67585
67584
67583
67582
67581
67580
67579
67578
67577
67576
67575
67574
67573
67572
67571
67570
67569
67568
67567
67566
67565
67564
67563
67562
67561
67559
67558
67557
67556
67555
67554
67553
67552
67551
67550
67549
67548
67547
67546
67545
67544
67543
67542
67541
67540
67539
67538
67537
67536
67535
67533
67532
67531
67530
67529
67528
67527
67526
67525
67524
67523
67521
67520
67519
67518
67517
67516
67515
67514
67513
67512
67510
67509
67508
67507
67506
67505
67504
67503
67502
67501
67500
67499
67498
67497
67496
67495
67494
67493
67492
67491
67490
67489
67488
67487
67486
67485
67484
67483
67482
67481
67480
67479
67478
67477
67476
67475
67474
67473
67472
67471
67470
67469
67468
67467
67466
67465
67464
67463
67462
67461
67460
67459
67458
67457
67456
67455
67454
67453
67452
67451
67450
67449
67448
67447
67446
67445
67444
67443
67441
67440
67439
67438
67437
67436
67435
67434
67433
67432
67431
67430
67429
67428
67427
67426
67425
67424
67423
67422
67421
67420
67419
67417
67416
67415
67413
67412
67411
67410
67409
67408
67407
67406
67405
67404
67403
67402
67401
67400
67398
67397
67396
67394
67393
67392
67391
67389
67388
67386
67385
67384
67383
67382
67381
67380
67378
67377
67376
67375
67374
67373
67372
67371
67370
67369
67368
67367
67366
67364
67363
67362
67361
67360
67359
67358
67357
67356
67355
67354
67353
67352
67351
67350
67349
67348
67347
67346
67345
67344
67343
67342
67341
67340
67339
67338
67337
67336
67335
67334
67333
67332
67331
67330
67329
67328
67326
67325
67324
67323
67322
67321
67319
67318
67317
67316
67315
67314
67313
67312
67311
67310
67309
67308
67307
67306
67305
67304
67303
67302
67301
67300
67299
67298
67297
67296
67295
67294
67293
67292
67291
67290
67289
67288
67287
67286
67285
67284
67283
67282
67281
67280
67279
67278
67277
67276
67275
67274
67273
67272
67270
67269
67268
67267
67266
67265
67263
67262
67261
67260
67259
67258
67257
67256
67255
67254
67253
67252
67251
67250
67249
67248
67247
67246
67245
67244
67243
67242
67241
67240
67238
67237
67236
67235
67234
67233
67232
67231
67230
67229
67228
67227
67226
67225
67224
67223
67222
67221
67220
67219
67218
67217
67216
67215
67214
67213
67212
67211
67210
67208
67207
67206
67205
67204
67203
67202
67201
67200
67199
67198
67197
67196
67195
67194
67193
67192
67191
67190
67189
67188
67187
67186
67185
67184
67183
67182
67181
67180
67179
67178
67177
67176
67175
67174
67173
67172
67171
67170
67169
67168
67166
67165
67163
67162
67161
67160
67159
67158
67157
67156
67155
67154
67153
67152
67151
67150
67149
67148
67147
67146
67145
67144
67143
67142
67141
67140
67139
67138
67137
67136
67135
67134
67133
67132
67131
67129
67128
67127
67126
67124
67123
67122
67121
67120
67119
67118
67116
67115
67114
67113
67112
67111
67110
67109
67108
67107
67106
67105
67104
67103
67102
67101
67100
67099
67098
67097
67096
67095
67094
67093
67092
67091
67090
67089
67088
67087
67086
67085
67084
67083
67082
67081
67080
67079
67078
67077
67076
67075
67074
67073
67072
67071
67069
67068
67067
67066
67065
67064
67063
67062
67061
67060
67059
67058
67057
67056
67055
67054
67053
67052
67051
67049
67048
67047
67046
67045
67044
67043
67042
67041
67040
67038
67037
67036
67035
67034
67033
67032
67031
67030
67029
67028
67027
67026
67025
67024
67023
67022
67021
67020
67018
67017
67016
67015
67014
67013
67012
67011
67010
67009
67008
67007
67006
67005
67004
67003
67002
67001
67000
66999
66998
66997
66996
66995
66994
66993
66992
66991
66990
66989
66988
66986
66985
66984
66983
66982
66981
66980
66979
66978
66977
66976
66975
66974
66972
66971
66970
66969
66968
66967
66966
66965
66964
66963
66962
66961
66960
66959
66958
66957
66956
66955
66954
66952
66951
66950
66949
66948
66947
66946
66944
66943
66942
66941
66940
66939
66938
66937
66936
66935
66934
66933
66932
66931
66930
66929
66928
66927
66926
66925
66924
66923
66922
66921
66920
66919
66918
66917
66916
66915
66914
66913
66912
66911
66910
66909
66908
66907
66906
66905
66904
66903
66902
66901
66900
66899
66898
66897
66896
66895
66894
66893
66892
66891
66890
66889
66888
66886
66885
66884
66883
66882
66881
66880
66879
66878
66877
66876
66875
66874
66873
66872
66871
66870
66869
66868
66867
66865
66864
66863
66862
66860
66859
66858
66857
66856
66855
66854
66853
66852
66851
66850
66849
66848
66847
66846
66845
66844
66843
66842
66841
66840
66839
66838
66837
66836
66835
66834
66833
66832
66831
66830
66828
66827
66826
66825
66824
66823
66822
66821
66819
66818
66817
66816
66815
66814
66813
66811
66810
66809
66808
66807
66806
66805
66804
66803
66802
66800
66799
66797
66795
66794
66793
66792
66791
66790
66789
66788
66787
66786
66785
66784
66783
66782
66781
66780
66779
66778
66777
66776
66775
66774
66773
66772
66771
66770
66769
66768
66767
66766
66765
66764
66763
66762
66761
66760
66759
66758
66757
66756
66755
66754
66753
66752
66751
66750
66748
66747
66746
66745
66744
66743
66742
66741
66740
66739
66738
66737
66736
66735
66734
66733
66732
66731
66730
66729
66728
66727
66726
66725
66724
66723
66722
66721
66720
66719
66718
66717
66716
66715
66713
66712
66711
66710
66709
66708
66707
66706
66705
66704
66703
66702
66701
66700
66699
66698
66697
66696
66695
66694
66693
66692
66691
66690
66689
66688
66687
66686
66685
66684
66683
66682
66681
66680
66679
66678
66676
66675
66674
66673
66672
66671
66670
66669
66668
66667
66666
66665
66663
66662
66661
66660
66659
66658
66657
66656
66655
66654
66653
66652
66651
66650
66649
66647
66646
66645
66644
66642
66641
66640
66639
66638
66637
66636
66635
66634
66633
66632
66631
66630
66628
66627
66626
66625
66624
66623
66622
66621
66620
66619
66618
66617
66616
66615
66614
66613
66612
66611
66610
66609
66608
66607
66605
66604
66603
66602
66601
66600
66599
66598
66597
66596
66595
66594
66593
66592
66591
66590
66589
66588
66587
66586
66585
66584
66583
66582
66581
66580
66579
66578
66577
66576
66575
66574
66573
66572
66571
66570
66569
66568
66567
66566
66565
66564
66563
66562
66560
66559
66558
66557
66556
66555
66554
66553
66552
66550
66549
66548
66547
66546
66545
66544
66543
66542
66540
66539
66538
66537
66536
66535
66534
66532
66531
66530
66529
66528
66527
66526
66525
66524
66523
66522
66521
66520
66519
66518
66517
66516
66515
66514
66513
66512
66511
66510
66509
66508
66507
66506
66505
66504
66503
66502
66501
66500
66499
66498
66497
66496
66495
66494
66493
66492
66491
66490
66489
66488
66487
66486
66485
66484
66483
66482
66481
66480
66479
66478
66477
66476
66475
66474
66473
66472
66471
66470
66469
66468
66467
66466
66465
66464
66463
66462
66461
66460
66459
66458
66457
66456
66455
66454
66453
66452
66451
66450
66449
66448
66447
66446
66444
66443
66442
66441
66440
66439
66438
66437
66436
66435
66434
66433
66432
66431
66430
66429
66428
66427
66426
66425
66424
66423
66422
66421
66420
66419
66418
66417
66416
66415
66414
66413
66412
66411
66410
66409
66408
66407
66406
66405
66404
66403
66402
66401
66400
66399
66398
66397
66396
66395
66393
66392
66391
66390
66389
66388
66387
66386
66385
66384
66383
66382
66381
66380
66379
66378
66377
66376
66375
66374
66373
66372
66371
66370
66369
66368
66367
66366
66365
66364
66363
66362
66361
66360
66359
66358
66357
66356
66354
66353
66352
66351
66350
66349
66348
66347
66346
66345
66344
66343
66342
66341
66340
66339
66338
66337
66336
66335
66334
66333
66332
66331
66330
66329
66328
66327
66326
66324
66323
66322
66321
66320
66319
66318
66317
66316
66315
66314
66313
66312
66311
66310
66309
66308
66307
66306
66305
66304
66303
66302
66301
66300
66299
66298
66297
66296
66295
66294
66293
66292
66291
66290
66289
66288
66287
66286
66285
66284
66283
66282
66281
66280
66279
66278
66277
66276
66275
66274
66273
66272
66271
66270
66269
66268
66267
66266
66265
66264
66263
66262
66261
66260
66259
66257
66256
66255
66254
66253
66252
66251
66250
66249
66248
66247
66246
66245
66244
66243
66242
66241
66240
66239
66238
66237
66236
66234
66233
66232
66231
66230
66228
66227
66226
66225
66224
66223
66222
66221
66220
66219
66218
66217
66216
66215
66214
66213
66212
66211
66210
66209
66208
66207
66206
66205
66204
66203
66202
66201
66200
66199
66198
66197
66196
66195
66194
66193
66192
66191
66190
66189
66188
66187
66186
66185
66184
66183
66182
66181
66180
66179
66178
66177
66176
66175
66174
66173
66172
66171
66169
66168
66167
66166
66165
66164
66163
66162
66161
66160
66159
66158
66157
66156
66155
66154
66153
66152
66151
66150
66149
66148
66147
66146
66145
66144
66143
66142
66141
66140
66139
66138
66137
66136
66135
66134
66133
66132
66131
66130
66129
66128
66127
66126
66125
66124
66123
66122
66120
66119
66118
66117
66116
66115
66114
66113
66112
66111
66110
66109
66108
66107
66106
66105
66104
66103
66102
66101
66100
66099
66098
66097
66096
66095
66094
66093
66092
66091
66090
66089
66088
66087
66086
66085
66084
66083
66082
66081
66080
66079
66078
66077
66076
66075
66074
66073
66072
66071
66069
66068
66067
66066
66065
66064
66063
66062
66061
66060
66059
66058
66057
66056
66055
66054
66053
66052
66051
66050
66049
66048
66047
66046
66045
66044
66043
66042
66041
66040
66039
66038
66037
66035
66034
66033
66032
66031
66030
66029
66028
66027
66026
66025
66024
66023
66022
66021
66020
66019
66018
66017
66016
66015
66014
66013
66012
66011
66010
66009
66008
66007
66006
66005
66004
66003
66001
66000
65999
65998
65997
65996
65995
65994
65993
65992
65991
65990
65989
65988
65987
65986
65985
65984
65982
65981
65980
65979
65978
65977
65976
65975
65974
65973
65972
65971
65970
65969
65968
65967
65966
65965
65964
65963
65962
65961
65960
65959
65958
65957
65956
65955
65953
65952
65951
65950
65949
65948
65947
65946
65945
65944
65943
65942
65941
65940
65939
65938
65936
65935
65933
65932
65931
65930
65929
65928
65927
65926
65925
65924
65923
65922
65921
65920
65919
65918
65917
65916
65915
65914
65913
65912
65911
65910
65909
65908
65907
65906
65905
65904
65902
65901
65900
65899
65898
65897
65896
65895
65894
65893
65892
65891
65890
65889
65888
65887
65885
65884
65883
65882
65881
65880
65879
65878
65877
65876
65875
65874
65873
65872
65870
65869
65868
65867
65866
65865
65864
65863
65862
65861
65860
65859
65858
65857
65856
65855
65854
65853
65852
65851
65850
65849
65848
65846
65845
65844
65843
65842
65841
65840
65839
65838
65837
65836
65835
65834
65833
65832
65831
65830
65828
65827
65826
65825
65824
65823
65822
65821
65820
65819
65818
65817
65816
65815
65814
65813
65812
65811
65810
65809
65808
65807
65806
65805
65804
65803
65802
65801
65800
65799
65798
65797
65796
65795
65794
65793
65792
65791
65790
65789
65788
65787
65786
65785
65784
65783
65782
65781
65780
65779
65778
65777
65776
65775
65774
65773
65772
65771
65770
65769
65768
65766
65765
65764
65763
65762
65761
65760
65759
65758
65757
65756
65755
65754
65753
65752
65751
65750
65749
65748
65747
65745
65744
65743
65742
65741
65740
65739
65738
65737
65736
65735
65734
65733
65732
65731
65730
65729
65728
65726
65725
65724
65723
65722
65721
65720
65718
65716
65715
65714
65713
65712
65711
65710
65709
65708
65707
65706
65705
65704
65703
65702
65701
65700
65699
65698
65697
65696
65695
65694
65693
65692
65691
65690
65689
65688
65687
65686
65685
65684
65683
65682
65681
65680
65679
65678
65677
65676
65675
65674
65673
65672
65671
65670
65669
65668
65667
65666
65665
65664
65663
65662
65661
65660
65659
65657
65656
65655
65654
65653
65652
65651
65650
65649
65648
65647
65645
65644
65643
65642
65641
65640
65639
65638
65637
65636
65635
65634
65633
65632
65631
65630
65629
65628
65627
65626
65625
65624
65623
65622
65621
65620
65619
65618
65617
65616
65615
65614
65613
65612
65611
65610
65609
65608
65607
65606
65605
65604
65603
65602
65601
65600
65599
65598
65597
65596
65595
65594
65593
65592
65591
65590
65589
65588
65587
65586
65585
65584
65583
65582
65581
65580
65579
65578
65577
65576
65575
65574
65573
65572
65571
65570
65569
65568
65567
65566
65565
65563
65562
65561
65560
65559
65558
65557
65556
65555
65554
65553
65552
65551
65550
65549
65548
65547
65546
65545
65544
65543
65542
65541
65540
65539
65538
65537
65536
65535
65534
65533
65532
65531
65530
65529
65528
65527
65526
65525
65524
65523
65522
65521
65520
65519
65518
65517
65516
65515
65514
65513
65512
65511
65510
65509
65508
65507
65506
65505
65504
65503
65502
65501
65500
65499
65498
65497
65496
65495
65494
65493
65492
65491
65490
65488
65487
65486
65485
65484
65482
65481
65480
65479
65478
65477
65476
65475
65474
65473
65472
65471
65470
65469
65468
65467
65466
65465
65464
65463
65462
65460
65459
65458
65457
65456
65455
65454
65453
65452
65451
65450
65449
65448
65447
65446
65445
65444
65443
65442
65441
65440
65439
65438
65437
65436
65435
65434
65433
65432
65431
65430
65429
65428
65427
65426
65425
65424
65423
65422
65421
65420
65419
65418
65417
65416
65415
65414
65413
65412
65411
65410
65409
65408
65407
65406
65405
65404
65403
65402
65401
65400
65399
65398
65397
65396
65395
65394
65393
65392
65391
65390
65389
65388
65387
65386
65385
65384
65383
65382
65381
65380
65379
65378
65377
65376
65375
65374
65373
65372
65371
65370
65368
65367
65366
65365
65364
65363
65362
65360
65359
65358
65357
65356
65355
65354
65353
65352
65351
65350
65349
65348
65347
65346
65345
65344
65343
65342
65341
65340
65339
65338
65337
65336
65335
65334
65333
65332
65331
65330
65329
65328
65327
65326
65325
65324
65323
65322
65321
65320
65319
65318
65317
65316
65315
65314
65313
65312
65311
65310
65309
65308
65307
65306
65305
65304
65303
65302
65301
65300
65299
65298
65297
65296
65295
65293
65292
65291
65290
65289
65288
65287
65286
65285
65284
65283
65282
65281
65280
65278
65277
65276
65275
65274
65273
65272
65271
65270
65269
65268
65267
65266
65265
65264
65263
65262
65261
65260
65259
65258
65256
65255
65254
65253
65252
65251
65250
65249
65248
65247
65246
65244
65243
65242
65241
65240
65239
65238
65237
65236
65235
65234
65233
65232
65231
65230
65229
65228
65227
65226
65225
65224
65223
65222
65221
65220
65219
65218
65217
65216
65215
65214
65213
65212
65211
65210
65209
65208
65207
65206
65205
65204
65203
65202
65201
65200
65199
65198
65197
65196
65195
65194
65193
65191
65190
65189
65188
65187
65186
65185
65184
65183
65182
65181
65179
65178
65177
65176
65175
65174
65173
65172
65171
65170
65169
65168
65167
65166
65165
65164
65163
65161
65160
65159
65158
65157
65156
65155
65154
65153
65152
65151
65150
65149
65148
65147
65146
65145
65144
65143
65142
65141
65140
65139
65138
65137
65136
65135
65134
65133
65132
65131
65130
65129
65128
65127
65126
65125
65124
65123
65122
65121
65120
65119
65118
65117
65116
65115
65114
65113
65112
65111
65110
65109
65108
65106
65105
65104
65103
65102
65101
65100
65099
65098
65097
65096
65095
65094
65093
65092
65091
65090
65089
65088
65087
65086
65085
65084
65083
65082
65081
65080
65079
65078
65077
65076
65075
65074
65073
65072
65071
65070
65069
65068
65067
65066
65065
65064
65063
65062
65061
65060
65058
65057
65056
65055
65054
65053
65052
65051
65050
65048
65047
65045
65044
65043
65042
65041
65040
65039
65038
65037
65036
65035
65033
65032
65030
65029
65028
65027
65026
65025
65024
65023
65022
65021
65020
65019
65018
65017
65016
65015
65014
65013
65012
65011
65010
65009
65008
65007
65006
65005
65003
65002
65001
65000
64999
64998
64997
64996
64995
64994
64993
64991
64990
64989
64988
64987
64985
64984
64983
64982
64981
64980
64979
64978
64977
64976
64975
64974
64973
64972
64970
64969
64968
64967
64966
64965
64964
64963
64962
64961
64960
64959
64958
64957
64956
64955
64954
64953
64952
64951
64950
64949
64947
64946
64945
64944
64943
64942
64941
64940
64939
64938
64937
64936
64935
64934
64933
64932
64931
64930
64929
64928
64927
64926
64925
64924
64922
64921
64920
64919
64918
64916
64915
64914
64913
64912
64911
64910
64909
64908
64907
64906
64905
64904
64903
64902
64901
64900
64899
64898
64897
64896
64895
64893
64892
64891
64890
64889
64888
64887
64886
64885
64884
64883
64882
64881
64880
64879
64878
64877
64876
64875
64874
64873
64872
64871
64870
64869
64868
64867
64866
64865
64864
64863
64862
64861
64860
64859
64858
64857
64856
64855
64854
64853
64852
64851
64850
64849
64848
64847
64846
64845
64844
64843
64842
64841
64840
64839
64838
64837
64836
64835
64834
64833
64832
64831
64830
64829
64828
64827
64826
64825
64824
64823
64822
64821
64820
64819
64818
64817
64816
64815
64814
64813
64812
64811
64810
64809
64808
64807
64806
64805
64804
64803
64802
64801
64800
64799
64798
64797
64796
64795
64794
64793
64792
64791
64790
64789
64788
64787
64786
64785
64784
64783
64782
64781
64780
64779
64778
64777
64776
64775
64774
64773
64772
64771
64770
64769
64768
64767
64766
64765
64764
64763
64762
64761
64760
64759
64758
64757
64756
64755
64754
64753
64752
64751
64750
64749
64748
64747
64746
64745
64744
64743
64742
64741
64739
64738
64737
64736
64735
64734
64733
64732
64731
64729
64728
64727
64726
64725
64724
64723
64722
64721
64720
64719
64718
64717
64716
64715
64714
64713
64712
64711
64710
64709
64708
64707
64706
64705
64704
64702
64701
64700
64699
64698
64697
64696
64695
64694
64693
64692
64691
64690
64689
64687
64686
64685
64684
64683
64682
64681
64680
64679
64677
64676
64675
64674
64673
64672
64671
64670
64669
64668
64667
64666
64665
64663
64662
64661
64660
64659
64658
64657
64656
64655
64654
64653
64652
64651
64650
64649
64648
64647
64646
64645
64644
64643
64642
64641
64640
64639
64638
64637
64636
64635
64634
64633
64632
64631
64630
64629
64628
64627
64626
64625
64624
64623
64622
64621
64620
64619
64618
64617
64616
64615
64614
64612
64611
64610
64609
64608
64607
64606
64604
64603
64601
64600
64598
64597
64596
64595
64594
64593
64592
64591
64590
64589
64588
64586
64585
64584
64583
64582
64581
64580
64579
64578
64576
64575
64573
64572
64571
64570
64569
64568
64567
64566
64565
64564
64563
64562
64561
64560
64559
64558
64557
64556
64555
64554
64553
64552
64551
64550
64549
64548
64547
64546
64545
64544
64543
64542
64541
64540
64539
64538
64537
64536
64535
64534
64533
64532
64531
64530
64529
64528
64527
64526
64525
64524
64523
64522
64521
64520
64519
64518
64517
64516
64515
64514
64513
64512
64511
64510
64509
64508
64507
64506
64505
64504
64503
64502
64501
64500
64499
64498
64497
64496
64495
64494
64493
64492
64491
64490
64489
64488
64487
64486
64485
64484
64483
64482
64481
64480
64479
64478
64477
64476
64475
64474
64473
64472
64471
64470
64469
64468
64467
64466
64465
64464
64463
64462
64461
64460
64458
64457
64456
64455
64454
64452
64451
64450
64449
64448
64447
64446
64444
64443
64442
64441
64440
64439
64438
64437
64436
64435
64434
64433
64432
64431
64430
64429
64428
64427
64426
64425
64424
64423
64422
64421
64420
64419
64418
64417
64416
64415
64414
64413
64412
64411
64410
64409
64408
64407
64406
64405
64404
64403
64402
64401
64400
64399
64398
64397
64396
64395
64394
64393
64391
64390
64389
64388
64387
64386
64385
64384
64383
64382
64381
64379
64378
64377
64376
64375
64374
64373
64372
64371
64370
64369
64368
64367
64366
64365
64364
64363
64362
64361
64360
64359
64357
64356
64355
64354
64353
64352
64351
64350
64349
64347
64346
64345
64344
64343
64342
64341
64340
64339
64338
64337
64336
64335
64334
64333
64332
64331
64330
64329
64328
64327
64326
64325
64324
64323
64322
64321
64320
64319
64318
64317
64316
64315
64314
64313
64312
64311
64310
64309
64308
64307
64306
64305
64304
64303
64302
64301
64300
64299
64298
64297
64296
64294
64293
64292
64291
64290
64289
64288
64287
64286
64285
64284
64283
64282
64281
64280
64279
64278
64277
64276
64275
64274
64273
64272
64271
64270
64269
64268
64267
64266
64265
64264
64263
64262
64261
64260
64259
64258
64257
64256
64255
64254
64253
64252
64251
64250
64249
64248
64247
64246
64245
64244
64243
64242
64241
64240
64239
64238
64237
64236
64234
64233
64232
64231
64230
64229
64228
64227
64226
64225
64224
64223
64222
64221
64220
64219
64218
64217
64216
64215
64214
64213
64212
64211
64210
64209
64208
64207
64206
64205
64204
64203
64202
64201
64200
64199
64198
64197
64196
64195
64194
64193
64192
64191
64190
64189
64188
64187
64186
64185
64184
64183
64182
64181
64180
64179
64178
64177
64176
64175
64174
64173
64172
64171
64170
64169
64168
64167
64166
64165
64164
64163
64162
64161
64160
64158
64157
64156
64155
64154
64153
64152
64151
64150
64149
64148
64147
64146
64145
64144
64143
64142
64141
64140
64139
64138
64137
64136
64135
64134
64133
64132
64131
64130
64129
64128
64127
64126
64125
64124
64123
64122
64121
64120
64119
64118
64116
64115
64114
64113
64112
64111
64110
64109
64108
64107
64106
64105
64104
64103
64102
64101
64100
64099
64098
64097
64096
64095
64094
64093
64092
64091
64090
64089
64088
64087
64086
64085
64084
64083
64082
64081
64080
64079
64078
64077
64076
64075
64074
64073
64072
64071
64070
64069
64068
64067
64066
64065
64064
64063
64062
64061
64060
64059
64058
64057
64056
64055
64054
64053
64052
64051
64050
64049
64048
64047
64046
64045
64044
64043
64042
64040
64039
64038
64037
64036
64035
64034
64033
64032
64031
64030
64029
64028
64027
64026
64025
64023
64022
64021
64020
64019
64018
64017
64016
64015
64014
64013
64012
64011
64010
64009
64008
64007
64006
64005
64003
64002
64001
64000
63999
63998
63997
63996
63995
63994
63993
63992
63991
63990
63989
63988
63987
63986
63985
63984
63983
63982
63981
63980
63979
63978
63977
63976
63975
63974
63973
63972
63971
63970
63969
63968
63967
63966
63965
63964
63963
63962
63961
63959
63958
63957
63956
63955
63954
63953
63952
63951
63950
63949
63948
63947
63946
63945
63944
63943
63942
63941
63940
63939
63938
63937
63936
63935
63934
63933
63932
63931
63930
63929
63928
63927
63926
63925
63924
63923
63922
63921
63920
63919
63918
63917
63916
63915
63914
63913
63912
63911
63910
63908
63907
63906
63905
63904
63903
63902
63901
63900
63899
63898
63897
63896
63895
63894
63893
63892
63891
63890
63889
63888
63887
63886
63885
63884
63883
63882
63881
63880
63879
63878
63877
63876
63875
63874
63873
63872
63871
63870
63869
63868
63867
63866
63865
63864
63863
63862
63861
63860
63859
63858
63857
63856
63855
63853
63852
63851
63850
63849
63848
63847
63846
63845
63844
63843
63842
63841
63840
63839
63838
63837
63836
63835
63834
63833
63832
63831
63830
63829
63828
63827
63826
63825
63824
63823
63822
63821
63820
63819
63818
63817
63816
63815
63814
63813
63812
63811
63810
63808
63807
63806
63805
63804
63803
63802
63801
63800
63798
63797
63796
63795
63794
63793
63792
63791
63790
63789
63788
63787
63786
63785
63784
63783
63782
63781
63780
63779
63777
63776
63775
63774
63773
63772
63771
63770
63769
63768
63767
63766
63765
63764
63763
63762
63761
63760
63759
63758
63757
63756
63755
63754
63753
63752
63751
63750
63749
63748
63747
63746
63745
63744
63743
63742
63740
63739
63738
63736
63735
63734
63733
63731
63730
63729
63728
63727
63726
63725
63724
63723
63722
63721
63720
63719
63718
63717
63716
63715
63714
63713
63712
63711
63710
63709
63708
63707
63706
63705
63704
63703
63702
63701
63700
63698
63697
63696
63695
63693
63692
63691
63689
63688
63687
63686
63685
63684
63683
63682
63681
63680
63679
63678
63677
63676
63675
63674
63673
63672
63671
63669
63668
63667
63666
63665
63664
63663
63661
63660
63659
63658
63657
63656
63655
63654
63653
63652
63651
63650
63649
63648
63647
63646
63645
63644
63643
63642
63641
63640
63639
63638
63637
63636
63635
63634
63633
63632
63631
63630
63629
63628
63627
63626
63625
63624
63623
63622
63621
63620
63618
63617
63616
63615
63614
63613
63612
63611
63610
63609
63608
63607
63606
63604
63603
63602
63601
63600
63599
63598
63597
63596
63595
63594
63593
63591
63590
63589
63588
63587
63586
63585
63584
63583
63582
63580
63579
63578
63577
63576
63575
63574
63573
63572
63571
63570
63569
63568
63567
63566
63565
63564
63563
63562
63560
63559
63558
63557
63556
63555
63554
63553
63552
63551
63550
63549
63548
63547
63546
63545
63544
63543
63542
63541
63540
63539
63538
63537
63536
63535
63534
63533
63532
63531
63530
63529
63528
63527
63526
63525
63524
63523
63522
63521
63520
63519
63518
63517
63516
63515
63514
63513
63512
63511
63510
63509
63508
63506
63505
63504
63503
63502
63501
63500
63499
63498
63497
63496
63495
63494
63493
63492
63491
63490
63488
63487
63486
63485
63484
63483
63482
63481
63480
63479
63478
63477
63476
63475
63474
63473
63472
63471
63470
63469
63468
63467
63466
63464
63463
63462
63460
63459
63458
63457
63456
63455
63454
63453
63452
63451
63450
63449
63448
63447
63446
63445
63444
63443
63442
63441
63440
63438
63436
63435
63434
63433
63432
63431
63430
63429
63428
63427
63426
63425
63424
63423
63422
63421
63420
63419
63418
63417
63416
63415
63414
63413
63411
63410
63409
63408
63407
63406
63405
63404
63403
63402
63400
63399
63398
63397
63396
63395
63394
63393
63392
63391
63390
63389
63388
63387
63386
63385
63384
63383
63382
63381
63380
63379
63378
63377
63376
63375
63374
63372
63371
63370
63369
63368
63367
63366
63365
63364
63363
63362
63361
63360
63359
63357
63356
63355
63354
63353
63352
63351
63350
63349
63348
63347
63346
63345
63344
63343
63342
63341
63340
63339
63338
63337
63336
63335
63334
63333
63332
63331
63330
63329
63328
63327
63326
63325
63324
63323
63322
63321
63320
63319
63318
63317
63316
63315
63314
63313
63312
63311
63310
63309
63308
63307
63306
63305
63304
63303
63302
63301
63300
63298
63297
63296
63295
63294
63293
63292
63291
63290
63289
63288
63287
63286
63285
63284
63283
63282
63280
63279
63278
63277
63276
63275
63274
63273
63272
63271
63270
63269
63268
63267
63266
63265
63264
63263
63262
63261
63260
63259
63258
63257
63256
63255
63254
63253
63252
63251
63250
63249
63248
63247
63246
63244
63243
63242
63241
63240
63239
63238
63237
63236
63235
63234
63233
63231
63230
63229
63228
63227
63226
63225
63224
63223
63222
63221
63220
63219
63218
63217
63216
63215
63214
63213
63212
63211
63210
63209
63208
63207
63206
63205
63204
63203
63202
63201
63200
63199
63198
63197
63196
63195
63194
63193
63192
63191
63190
63189
63188
63187
63186
63185
63184
63183
63182
63181
63180
63179
63178
63177
63176
63175
63174
63173
63172
63171
63170
63169
63168
63167
63166
63165
63164
63163
63162
63161
63160
63159
63158
63157
63156
63154
63153
63152
63150
63149
63148
63147
63146
63145
63144
63143
63142
63141
63140
63139
63138
63136
63135
63134
63133
63132
63131
63130
63129
63128
63127
63126
63125
63124
63123
63122
63121
63120
63118
63117
63115
63114
63113
63112
63111
63110
63109
63108
63107
63106
63105
63104
63103
63102
63101
63100
63099
63098
63097
63096
63095
63094
63093
63092
63091
63089
63088
63087
63086
63084
63083
63082
63081
63080
63078
63077
63076
63075
63074
63073
63072
63071
63070
63069
63068
63067
63066
63065
63064
63062
63061
63060
63059
63058
63057
63056
63055
63054
63053
63052
63051
63050
63049
63048
63047
63045
63044
63043
63042
63041
63040
63039
63038
63037
63036
63035
63034
63033
63032
63031
63030
63029
63028
63027
63026
63025
63024
63023
63022
63021
63020
63019
63018
63017
63016
63015
63014
63013
63012
63011
63010
63009
63008
63007
63006
63005
63004
63003
63002
63001
63000
62999
62998
62997
62996
62995
62994
62993
62991
62990
62989
62988
62987
62986
62985
62984
62983
62982
62981
62980
62979
62978
62977
62976
62975
62974
62973
62972
62971
62970
62969
62968
62967
62966
62965
62964
62962
62961
62960
62959
62958
62957
62956
62955
62954
62953
62952
62951
62950
62949
62948
62947
62946
62945
62944
62943
62942
62941
62940
62938
62937
62935
62934
62933
62932
62931
62930
62929
62928
62926
62925
62924
62923
62922
62921
62920
62919
62918
62917
62916
62915
62914
62913
62912
62911
62910
62909
62908
62907
62906
62904
62903
62902
62901
62900
62899
62898
62897
62896
62895
62894
62893
62892
62891
62890
62889
62887
62886
62885
62884
62883
62882
62881
62880
62879
62878
62877
62876
62875
62874
62873
62872
62870
62869
62868
62867
62866
62865
62864
62863
62862
62861
62860
62859
62858
62857
62856
62855
62854
62853
62851
62850
62849
62848
62847
62846
62845
62844
62843
62842
62841
62840
62839
62838
62837
62836
62835
62834
62833
62832
62831
62830
62829
62828
62827
62825
62824
62823
62821
62820
62819
62818
62817
62816
62815
62814
62813
62812
62811
62810
62809
62808
62806
62805
62804
62803
62802
62801
62800
62799
62798
62797
62796
62795
62794
62793
62792
62791
62790
62789
62788
62787
62786
62785
62784
62783
62782
62781
62780
62779
62778
62777
62776
62775
62774
62772
62771
62770
62769
62768
62767
62766
62765
62764
62763
62762
62761
62760
62759
62758
62757
62756
62755
62754
62753
62752
62751
62750
62749
62748
62747
62746
62745
62744
62743
62742
62741
62740
62739
62738
62737
62736
62735
62734
62733
62732
62731
62730
62729
62728
62727
62726
62725
62724
62723
62722
62721
62720
62719
62718
62717
62716
62715
62714
62713
62712
62711
62710
62709
62708
62707
62706
62705
62704
62703
62702
62701
62700
62699
62698
62697
62696
62695
62694
62693
62692
62691
62690
62689
62688
62687
62686
62685
62684
62683
62682
62681
62680
62679
62678
62677
62676
62675
62674
62673
62672
62671
62670
62669
62668
62667
62666
62665
62664
62663
62662
62661
62660
62659
62658
62657
62656
62655
62654
62653
62652
62651
62650
62649
62648
62647
62646
62645
62644
62643
62642
62641
62640
62639
62638
62637
62636
62635
62634
62633
62632
62630
62629
62628
62627
62626
62624
62623
62622
62621
62620
62619
62618
62617
62616
62615
62614
62613
62612
62611
62610
62609
62608
62607
62606
62605
62604
62603
62602
62601
62600
62599
62598
62597
62596
62595
62594
62593
62592
62590
62589
62588
62587
62586
62585
62584
62583
62582
62581
62579
62578
62577
62576
62575
62574
62573
62572
62570
62569
62568
62567
62566
62565
62564
62563
62562
62561
62560
62559
62558
62557
62556
62555
62554
62553
62552
62551
62550
62549
62548
62547
62546
62545
62544
62543
62542
62541
62540
62539
62538
62537
62536
62535
62534
62533
62532
62531
62530
62529
62528
62527
62525
62524
62523
62522
62521
62520
62519
62518
62517
62515
62514
62513
62512
62511
62510
62509
62508
62507
62506
62505
62504
62503
62502
62501
62500
62499
62498
62497
62496
62495
62494
62493
62492
62491
62490
62489
62488
62487
62486
62485
62484
62483
62482
62480
62479
62478
62477
62475
62474
62473
62472
62471
62470
62469
62468
62467
62466
62465
62464
62463
62462
62461
62460
62459
62458
62457
62456
62455
62454
62453
62452
62451
62450
62449
62448
62447
62446
62445
62444
62443
62442
62441
62440
62439
62438
62437
62436
62435
62434
62433
62432
62431
62430
62428
62427
62426
62425
62424
62423
62422
62421
62420
62419
62418
62417
62416
62415
62414
62413
62412
62411
62410
62409
62408
62406
62405
62404
62403
62401
62400
62399
62398
62397
62396
62395
62394
62393
62392
62391
62390
62389
62388
62387
62386
62385
62384
62383
62382
62381
62380
62379
62378
62377
62376
62375
62374
62373
62372
62371
62370
62369
62368
62366
62365
62364
62363
62362
62361
62360
62359
62358
62357
62356
62355
62354
62353
62352
62351
62350
62349
62348
62347
62346
62345
62344
62343
62342
62341
62340
62339
62338
62337
62336
62335
62334
62333
62332
62331
62330
62329
62328
62327
62326
62325
62324
62323
62322
62321
62320
62319
62318
62317
62316
62315
62314
62313
62312
62311
62309
62308
62307
62306
62305
62304
62303
62302
62301
62300
62299
62298
62296
62295
62294
62293
62292
62291
62290
62289
62288
62287
62286
62285
62284
62283
62282
62281
62280
62279
62278
62277
62276
62275
62274
62273
62272
62271
62270
62269
62268
62267
62266
62265
62264
62263
62261
62260
62259
62258
62257
62256
62255
62253
62252
62251
62250
62249
62247
62246
62245
62244
62243
62242
62241
62240
62239
62237
62236
62235
62234
62233
62232
62231
62230
62229
62228
62227
62226
62225
62224
62223
62222
62221
62220
62218
62217
62216
62215
62214
62213
62212
62211
62210
62209
62207
62206
62205
62204
62203
62202
62201
62200
62199
62198
62197
62196
62195
62194
62193
62192
62191
62190
62189
62188
62187
62186
62185
62184
62183
62182
62181
62180
62179
62178
62177
62176
62175
62174
62173
62172
62171
62170
62169
62168
62167
62166
62149
62149
62149
62149
62149
62149
62148
62148
62148
62148
62148
62148
62147
62147
62147
62147
62146
62145
62143
62142
62141
62140
62139
62138
62137
62136
62135
62134
62133
62132
62131
62130
62129
62128
62127
62126
62125
62124
62123
62122
62121
62119
62118
62117
62116
62115
62114
62113
62112
62111
62110
62109
62108
62107
62106
62105
62104
62103
62102
62101
62100
62099
62098
62097
62096
62095
62094
62093
62092
62091
62090
62088
62087
62086
62085
62084
62083
62082
62081
62080
62079
62078
62077
62076
62075
62073
62072
62071
62070
62069
62068
62067
62066
62065
62064
62063
62062
62061
62060
62059
62058
62057
62056
62055
62054
62053
62052
62051
62050
62049
62048
62047
62046
62045
62044
62043
62042
62041
62040
62039
62038
62037
62036
62035
62034
62033
62032
62031
62030
62029
62028
62027
62026
62025
62024
62023
62022
62021
62020
62019
62017
62016
62015
62014
62013
62012
62011
62010
62009
62008
62007
62006
62005
62004
62003
62002
62001
62000
61999
61998
61997
61996
61995
61994
61993
61992
61991
61990
61989
61988
61987
61986
61985
61984
61983
61982
61981
61980
61979
61978
61977
61976
61975
61974
61973
61972
61971
61970
61969
61968
61967
61966
61965
61964
61963
61962
61961
61960
61959
61958
61957
61956
61955
61954
61953
61952
61951
61950
61949
61948
61947
61946
61945
61944
61943
61942
61941
61940
61939
61938
61937
61936
61935
61934
61933
61932
61931
61930
61929
61928
61927
61926
61925
61924
61923
61922
61921
61920
61919
61918
61917
61916
61915
61914
61913
61912
61911
61910
61909
61908
61907
61906
61905
61904
61903
61902
61900
61899
61898
61897
61896
61895
61894
61893
61892
61891
61890
61889
61888
61887
61886
61885
61883
61882
61881
61880
61879
61878
61877
61876
61875
61874
61873
61872
61871
61870
61869
61867
61866
61865
61864
61863
61862
61861
61860
61859
61858
61857
61856
61855
61854
61853
61852
61851
61849
61848
61847
61846
61845
61844
61843
61842
61841
61840
61839
61838
61837
61836
61835
61834
61833
61832
61831
61830
61829
61828
61826
61825
61824
61823
61822
61821
61820
61819
61818
61817
61816
61815
61814
61813
61812
61811
61810
61809
61808
61807
61806
61805
61804
61803
61802
61801
61800
61799
61798
61797
61796
61794
61793
61792
61791
61790
61789
61788
61787
61786
61785
61784
61783
61782
61781
61779
61778
61777
61776
61775
61774
61773
61772
61771
61770
61769
61768
61767
61766
61765
61764
61762
61761
61760
61759
61758
61757
61756
61755
61754
61753
61752
61751
61750
61749
61748
61747
61746
61745
61744
61743
61742
61741
61740
61739
61738
61737
61736
61735
61734
61733
61731
61730
61729
61728
61727
61726
61725
61724
61723
61722
61721
61720
61719
61718
61717
61716
61715
61714
61713
61712
61711
61710
61709
61708
61707
61706
61705
61704
61703
61702
61701
61700
61698
61697
61696
61695
61694
61693
61692
61691
61690
61689
61688
61687
61686
61685
61684
61683
61682
61681
61680
61679
61678
61676
61675
61674
61673
61672
61671
61670
61669
61668
61667
61666
61665
61664
61663
61662
61661
61659
61658
61657
61656
61655
61654
61653
61652
61650
61649
61648
61647
61646
61645
61644
61643
61642
61641
61640
61639
61638
61637
61636
61635
61634
61633
61632
61631
61630
61629
61628
61627
61626
61625
61624
61623
61622
61621
61620
61619
61618
61617
61616
61615
61614
61613
61612
61611
61610
61609
61608
61607
61606
61605
61604
61603
61602
61601
61600
61599
61598
61597
61596
61595
61594
61593
61592
61591
61590
61589
61588
61587
61586
61585
61584
61583
61582
61581
61580
61579
61578
61577
61576
61575
61574
61573
61572
61571
61570
61568
61567
61566
61565
61564
61563
61562
61561
61560
61559
61558
61557
61556
61555
61554
61553
61552
61551
61550
61549
61548
61547
61546
61545
61544
61543
61542
61541
61540
61539
61538
61537
61536
61535
61534
61533
61532
61531
61530
61528
61527
61526
61525
61524
61523
61522
61520
61519
61518
61517
61515
61514
61513
61512
61511
61510
61509
61508
61507
61506
61505
61504
61503
61502
61501
61500
61499
61498
61497
61496
61495
61494
61493
61492
61491
61490
61489
61488
61487
61486
61485
61484
61483
61482
61481
61480
61478
61477
61476
61475
61474
61473
61472
61471
61470
61469
61467
61466
61465
61464
61463
61462
61461
61460
61459
61458
61457
61456
61455
61454
61453
61452
61451
61450
61449
61447
61446
61445
61444
61443
61442
61441
61440
61438
61436
61435
61434
61433
61432
61431
61430
61429
61428
61427
61426
61425
61424
61423
61422
61421
61420
61419
61418
61417
61416
61415
61414
61413
61412
61411
61410
61409
61408
61407
61405
61403
61402
61401
61400
61399
61398
61397
61396
61395
61394
61392
61391
61390
61389
61388
61386
61385
61384
61383
61382
61381
61380
61379
61378
61377
61376
61375
61374
61373
61372
61371
61370
61369
61368
61367
61366
61365
61364
61363
61362
61361
61359
61358
61357
61356
61355
61354
61353
61352
61351
61350
61349
61348
61347
61346
61345
61344
61343
61341
61340
61339
61338
61337
61335
61334
61333
61332
61331
61330
61329
61328
61327
61326
61325
61324
61323
61322
61321
61320
61319
61318
61317
61315
61314
61313
61312
61311
61310
61309
61308
61307
61306
61305
61304
61303
61302
61301
61300
61299
61298
61297
61296
61295
61294
61293
61292
61291
61290
61289
61287
61286
61285
61284
61283
61282
61280
61279
61278
61277
61276
61275
61274
61273
61272
61271
61270
61269
61268
61267
61266
61265
61264
61263
61262
61261
61260
61259
61258
61257
61256
61255
61254
61253
61252
61251
61250
61249
61248
61247
61246
61245
61243
61242
61241
61240
61239
61238
61237
61236
61235
61234
61233
61232
61231
61230
61229
61228
61227
61226
61225
61224
61223
61222
61221
61220
61219
61218
61217
61216
61215
61214
61213
61212
61211
61210
61209
61208
61207
61206
61205
61204
61203
61202
61201
61200
61199
61198
61197
61196
61195
61194
61192
61191
61190
61189
61188
61187
61186
61185
61184
61183
61182
61181
61180
61179
61178
61177
61176
61175
61174
61173
61172
61171
61170
61169
61168
61167
61166
61165
61164
61163
61162
61161
61160
61159
61158
61157
61156
61155
61154
61153
61152
61151
61150
61149
61148
61147
61146
61145
61144
61143
61142
61141
61140
61139
61138
61137
61136
61135
61134
61133
61132
61131
61130
61129
61128
61127
61126
61125
61124
61123
61122
61121
61120
61119
61118
61117
61116
61115
61114
61113
61112
61111
61110
61109
61108
61107
61106
61105
61104
61103
61102
61101
61100
61099
61098
61097
61096
61095
61094
61093
61092
61091
61090
61089
61088
61087
61086
61085
61084
61083
61082
61081
61080
61079
61078
61077
61076
61075
61074
61073
61072
61071
61070
61069
61068
61067
61066
61064
61063
61062
61061
61060
61059
61058
61057
61056
61055
61054
61053
61052
61051
61050
61049
61048
61047
61046
61045
61044
61043
61042
61041
61040
61039
61038
61037
61036
61035
61034
61032
61031
61030
61029
61027
61026
61025
61024
61023
61022
61021
61020
61019
61018
61017
61016
61015
61014
61013
61012
61011
61010
61009
61008
61007
61006
61005
61004
61003
61002
61001
61000
60999
60998
60997
60996
60995
60994
60993
60992
60991
60990
60989
60988
60987
60986
60985
60984
60983
60982
60981
60980
60979
60978
60977
60976
60975
60974
60973
60972
60971
60970
60969
60968
60967
60966
60965
60964
60963
60962
60961
60960
60959
60958
60957
60956
60955
60954
60953
60952
60951
60950
60949
60948
60947
60946
60945
60944
60943
60942
60941
60940
60939
60938
60937
60936
60935
60934
60933
60932
60931
60930
60929
60928
60927
60926
60925
60924
60923
60922
60921
60920
60919
60918
60917
60916
60915
60914
60913
60912
60911
60910
60909
60908
60907
60906
60905
60904
60903
60902
60901
60900
60899
60898
60897
60896
60895
60894
60893
60892
60891
60890
60889
60888
60887
60886
60885
60884
60883
60882
60881
60880
60879
60878
60877
60876
60875
60874
60873
60872
60871
60870
60869
60868
60867
60866
60865
60864
60862
60861
60860
60859
60858
60857
60856
60855
60854
60853
60852
60851
60850
60849
60848
60846
60845
60844
60843
60842
60841
60839
60838
60837
60836
60835
60834
60833
60832
60831
60830
60828
60827
60826
60825
60824
60823
60822
60821
60820
60819
60818
60817
60816
60815
60814
60813
60812
60811
60810
60809
60808
60807
60806
60805
60804
60803
60802
60801
60800
60799
60798
60797
60796
60795
60794
60793
60792
60791
60790
60789
60788
60787
60786
60785
60784
60783
60782
60781
60780
60779
60778
60777
60776
60775
60774
60773
60772
60771
60770
60769
60768
60767
60766
60765
60764
60763
60762
60761
60760
60759
60758
60757
60756
60755
60754
60753
60752
60751
60750
60749
60748
60747
60746
60744
60743
60742
60741
60740
60739
60738
60737
60736
60735
60734
60733
60732
60731
60730
60729
60728
60727
60726
60725
60724
60723
60722
60721
60720
60719
60718
60717
60716
60715
60714
60713
60712
60711
60710
60708
60707
60706
60705
60704
60703
60702
60701
60700
60699
60698
60697
60696
60695
60694
60693
60692
60691
60690
60688
60687
60686
60685
60684
60683
60682
60681
60680
60679
60678
60676
60675
60674
60673
60672
60671
60670
60669
60668
60667
60666
60665
60664
60662
60661
60660
60659
60658
60657
60656
60655
60654
60653
60652
60651
60650
60649
60648
60647
60646
60645
60644
60643
60642
60641
60640
60639
60638
60637
60636
60635
60634
60633
60632
60631
60630
60629
60628
60627
60626
60625
60624
60623
60622
60621
60620
60618
60617
60616
60615
60614
60613
60612
60611
60610
60609
60608
60607
60606
60605
60604
60603
60602
60601
60600
60599
60598
60597
60596
60595
60594
60593
60592
60591
60590
60589
60588
60587
60586
60585
60584
60583
60582
60581
60580
60579
60578
60577
60576
60575
60574
60573
60572
60571
60570
60569
60568
60567
60566
60565
60564
60563
60562
60561
60560
60559
60558
60557
60556
60555
60554
60553
60552
60551
60550
60549
60548
60547
60546
60545
60544
60543
60542
60540
60539
60538
60537
60536
60535
60534
60533
60532
60531
60530
60529
60527
60526
60525
60524
60523
60522
60521
60520
60519
60518
60517
60516
60515
60514
60513
60512
60510
60509
60508
60507
60506
60505
60504
60503
60502
60500
60499
60498
60497
60496
60495
60494
60492
60491
60490
60489
60488
60487
60486
60485
60484
60482
60481
60480
60478
60477
60476
60475
60474
60473
60472
60471
60470
60468
60467
60466
60465
60464
60463
60462
60461
60460
60459
60458
60457
60456
60455
60454
60453
60452
60451
60450
60449
60448
60447
60446
60445
60444
60443
60442
60441
60440
60439
60438
60436
60435
60434
60433
60432
60431
60430
60429
60428
60427
60426
60425
60424
60423
60422
60421
60420
60419
60418
60417
60416
60415
60414
60413
60412
60411
60410
60409
60407
60406
60405
60404
60403
60402
60401
60400
60399
60398
60397
60396
60395
60394
60393
60392
60391
60390
60389
60388
60387
60386
60385
60384
60383
60382
60381
60380
60379
60378
60377
60376
60375
60374
60373
60372
60371
60370
60369
60368
60367
60366
60365
60364
60363
60362
60361
60360
60359
60358
60357
60356
60355
60354
60353
60352
60351
60350
60349
60348
60347
60346
60345
60344
60343
60342
60341
60340
60339
60338
60337
60336
60335
60334
60333
60332
60331
60329
60328
60327
60326
60325
60324
60323
60322
60321
60320
60319
60318
60317
60316
60315
60314
60313
60312
60311
60310
60309
60308
60307
60306
60305
60304
60303
60302
60301
60300
60299
60298
60297
60296
60295
60294
60293
60292
60291
60290
60289
60288
60287
60286
60285
60284
60283
60282
60281
60280
60279
60278
60277
60276
60275
60274
60273
60272
60271
60270
60269
60268
60267
60266
60265
60264
60263
60262
60261
60260
60258
60257
60256
60255
60254
60253
60252
60251
60250
60249
60248
60247
60246
60245
60244
60243
60242
60241
60240
60239
60238
60237
60236
60235
60234
60233
60232
60231
60230
60229
60228
60227
60226
60224
60223
60222
60221
60220
60219
60218
60217
60216
60215
60213
60212
60211
60210
60209
60207
60206
60205
60204
60203
60202
60200
60199
60198
60197
60196
60194
60193
60192
60191
60190
60189
60188
60187
60186
60185
60184
60182
60181
60180
60179
60178
60177
60176
60175
60174
60173
60172
60171
60170
60169
60168
60167
60166
60165
60164
60163
60162
60161
60160
60159
60158
60157
60156
60155
60154
60153
60152
60151
60150
60149
60148
60147
60146
60145
60144
60143
60142
60141
60139
60138
60137
60136
60135
60134
60133
60132
60131
60130
60129
60128
60127
60126
60125
60124
60123
60122
60121
60120
60119
60118
60117
60115
60114
60113
60112
60111
60110
60109
60108
60107
60106
60105
60104
60103
60102
60101
60100
60098
60097
60096
60095
60094
60093
60092
60091
60090
60089
60088
60087
60086
60085
60084
60083
60082
60081
60080
60079
60078
60077
60076
60075
60074
60073
60072
60071
60070
60069
60068
60067
60066
60065
60064
60063
60062
60061
60060
60059
60058
60057
60056
60055
60054
60053
60052
60051
60050
60049
60048
60047
60046
60045
60044
60043
60042
60041
60040
60039
60038
60037
60036
60035
60034
60033
60032
60031
60030
60029
60028
60027
60026
60025
60024
60023
60022
60021
60019
60018
60016
60015
60014
60012
60011
60010
60009
60008
60007
60006
60005
60004
60003
60002
60001
60000
59999
59998
59997
59996
59995
59994
59992
59991
59990
59989
59988
59987
59986
59985
59984
59983
59981
59980
59979
59978
59977
59976
59975
59974
59973
59971
59970
59968
59967
59966
59965
59964
59963
59962
59961
59960
59958
59957
59956
59955
59953
59952
59951
59950
59949
59948
59947
59946
59945
59944
59943
59942
59941
59940
59939
59938
59937
59936
59935
59934
59933
59932
59931
59930
59929
59928
59927
59926
59925
59924
59923
59922
59921
59919
59918
59917
59916
59915
59914
59913
59912
59911
59910
59909
59908
59907
59906
59905
59904
59903
59902
59901
59900
59899
59898
59897
59896
59895
59894
59893
59891
59890
59889
59888
59887
59886
59885
59884
59883
59882
59881
59880
59878
59877
59876
59875
59874
59873
59872
59871
59870
59869
59868
59867
59866
59865
59864
59863
59862
59861
59860
59859
59858
59857
59856
59855
59854
59853
59852
59851
59850
59849
59848
59847
59846
59845
59844
59843
59842
59841
59840
59839
59838
59837
59836
59835
59834
59833
59832
59831
59830
59829
59828
59827
59826
59825
59824
59823
59822
59821
59820
59819
59818
59817
59816
59815
59814
59813
59812
59811
59810
59809
59808
59807
59806
59805
59804
59803
59802
59801
59800
59799
59798
59797
59796
59795
59794
59793
59792
59791
59789
59788
59787
59786
59785
59784
59783
59782
59781
59780
59779
59778
59777
59776
59775
59774
59773
59772
59771
59770
59769
59768
59767
59766
59765
59764
59763
59762
59761
59760
59759
59758
59757
59756
59755
59754
59753
59752
59751
59750
59749
59748
59747
59746
59745
59744
59743
59742
59741
59740
59739
59738
59737
59736
59735
59734
59733
59732
59731
59730
59729
59728
59727
59726
59725
59724
59723
59722
59721
59720
59719
59718
59717
59716
59715
59714
59713
59712
59711
59710
59709
59708
59707
59706
59705
59704
59703
59702
59701
59700
59699
59698
59696
59695
59694
59693
59692
59691
59690
59689
59688
59687
59686
59685
59684
59683
59682
59681
59680
59679
59678
59677
59676
59675
59674
59672
59671
59670
59669
59668
59667
59666
59665
59664
59663
59662
59661
59660
59659
59658
59657
59656
59655
59654
59653
59652
59651
59650
59649
59648
59646
59645
59644
59643
59642
59641
59640
59639
59638
59637
59636
59635
59634
59633
59632
59631
59630
59629
59628
59627
59626
59625
59624
59623
59622
59621
59620
59619
59618
59617
59616
59615
59614
59613
59612
59611
59610
59609
59608
59607
59606
59605
59604
59603
59602
59601
59600
59599
59598
59597
59596
59594
59593
59591
59590
59589
59588
59587
59586
59585
59584
59583
59582
59581
59580
59579
59578
59577
59576
59575
59574
59573
59571
59570
59569
59568
59567
59566
59565
59564
59563
59562
59561
59560
59559
59558
59557
59556
59555
59554
59553
59552
59551
59550
59549
59548
59547
59546
59545
59544
59543
59542
59541
59540
59539
59538
59537
59536
59535
59534
59533
59532
59531
59530
59529
59528
59527
59526
59525
59524
59523
59522
59521
59520
59519
59518
59517
59516
59514
59513
59512
59511
59510
59509
59508
59507
59506
59505
59504
59503
59502
59501
59500
59499
59498
59497
59496
59495
59494
59493
59492
59491
59490
59489
59488
59487
59486
59485
59484
59483
59482
59481
59479
59478
59477
59476
59475
59474
59473
59472
59471
59470
59469
59468
59467
59466
59465
59464
59463
59462
59461
59460
59459
59458
59457
59456
59455
59454
59453
59452
59451
59450
59449
59448
59447
59446
59445
59444
59443
59442
59441
59440
59439
59438
59437
59436
59435
59434
59433
59432
59431
59430
59429
59428
59427
59426
59425
59424
59423
59422
59421
59420
59419
59418
59417
59416
59415
59414
59413
59412
59411
59410
59409
59408
59407
59406
59405
59404
59403
59402
59401
59400
59399
59398
59397
59396
59395
59394
59393
59392
59391
59390
59389
59388
59387
59386
59385
59384
59383
59382
59380
59379
59378
59377
59376
59375
59374
59373
59372
59371
59370
59369
59368
59367
59366
59365
59364
59363
59362
59361
59360
59359
59358
59357
59356
59355
59354
59353
59352
59351
59350
59349
59348
59346
59345
59344
59343
59342
59341
59340
59339
59338
59337
59336
59335
59334
59333
59332
59331
59330
59329
59328
59327
59326
59325
59324
59323
59322
59321
59320
59319
59318
59317
59316
59315
59314
59313
59312
59311
59310
59308
59307
59306
59305
59304
59303
59302
59301
59300
59299
59297
59296
59295
59294
59293
59292
59291
59290
59289
59288
59287
59286
59285
59284
59283
59282
59281
59280
59279
59278
59277
59276
59275
59274
59273
59272
59271
59270
59269
59268
59267
59266
59265
59264
59263
59262
59261
59260
59259
59258
59257
59256
59255
59254
59253
59251
59249
59248
59247
59246
59245
59244
59243
59242
59241
59240
59239
59237
59236
59235
59234
59233
59232
59231
59230
59229
59228
59227
59226
59225
59224
59223
59222
59221
59219
59218
59217
59216
59215
59214
59213
59212
59211
59210
59209
59208
59207
59206
59205
59204
59203
59202
59201
59199
59198
59197
59196
59195
59194
59193
59192
59191
59190
59188
59187
59186
59185
59184
59183
59182
59181
59180
59179
59177
59176
59175
59174
59173
59172
59171
59170
59169
59168
59167
59166
59165
59164
59163
59162
59161
59160
59159
59158
59157
59156
59155
59154
59153
59152
59151
59149
59148
59147
59146
59145
59144
59143
59142
59141
59140
59139
59138
59137
59136
59135
59134
59133
59132
59131
59130
59129
59128
59127
59126
59125
59124
59123
59122
59121
59120
59118
59117
59116
59115
59114
59113
59112
59111
59110
59109
59108
59107
59106
59105
59104
59103
59102
59101
59100
59099
59098
59097
59096
59095
59094
59093
59092
59091
59090
59089
59088
59087
59086
59085
59084
59083
59082
59080
59079
59078
59077
59076
59075
59074
59072
59071
59070
59069
59068
59067
59066
59065
59064
59063
59062
59061
59060
59059
59058
59057
59056
59055
59054
59053
59052
59051
59050
59049
59048
59047
59046
59045
59044
59043
59042
59041
59040
59039
59038
59037
59036
59035
59034
59032
59031
59030
59028
59027
59025
59024
59023
59022
59021
59020
59019
59018
59017
59016
59015
59014
59013
59012
59011
59010
59009
59008
59007
59006
59005
59004
59003
59002
59001
59000
58999
58998
58997
58996
58995
58994
58993
58992
58991
58990
58989
58988
58987
58985
58984
58983
58982
58980
58979
58978
58977
58976
58975
58974
58973
58972
58971
58970
58969
58968
58967
58966
58965
58964
58963
58962
58961
58960
58959
58958
58957
58956
58955
58954
58953
58952
58951
58950
58949
58947
58946
58945
58944
58943
58942
58941
58939
58938
58937
58936
58935
58934
58933
58932
58931
58930
58929
58928
58927
58926
58925
58924
58923
58922
58921
58920
58919
58918
58917
58916
58915
58914
58913
58912
58911
58910
58909
58908
58907
58906
58905
58904
58903
58902
58901
58900
58899
58898
58897
58896
58895
58894
58893
58892
58891
58890
58889
58887
58886
58885
58884
58883
58882
58881
58880
58879
58878
58877
58876
58875
58874
58873
58872
58871
58869
58868
58867
58866
58865
58864
58863
58861
58860
58859
58858
58857
58856
58855
58854
58853
58852
58851
58850
58849
58848
58847
58846
58845
58844
58843
58842
58841
58840
58839
58838
58836
58835
58834
58833
58832
58831
58830
58829
58828
58827
58826
58825
58824
58823
58822
58821
58820
58819
58818
58817
58816
58815
58814
58813
58812
58811
58810
58809
58808
58807
58806
58805
58804
58803
58802
58801
58800
58799
58798
58797
58796
58795
58794
58793
58792
58791
58790
58788
58787
58786
58785
58784
58783
58782
58780
58779
58778
58777
58776
58775
58774
58773
58772
58771
58770
58769
58768
58767
58766
58765
58764
58763
58762
58761
58760
58759
58757
58756
58755
58754
58753
58752
58751
58750
58749
58748
58747
58746
58745
58744
58743
58742
58741
58740
58739
58738
58737
58736
58735
58734
58733
58732
58731
58730
58729
58728
58727
58726
58725
58724
58723
58722
58721
58720
58719
58718
58717
58716
58715
58714
58713
58712
58711
58710
58709
58708
58707
58705
58704
58703
58702
58701
58700
58699
58698
58697
58696
58695
58694
58693
58692
58691
58690
58689
58688
58687
58686
58685
58684
58683
58682
58681
58680
58679
58677
58676
58675
58674
58673
58672
58671
58670
58669
58668
58667
58666
58665
58664
58663
58662
58661
58660
58659
58658
58657
58656
58655
58654
58653
58652
58651
58650
58649
58648
58647
58646
58645
58644
58643
58642
58641
58640
58638
58637
58636
58635
58634
58633
58632
58631
58630
58629
58628
58627
58626
58625
58624
58623
58622
58621
58620
58619
58618
58617
58616
58615
58614
58613
58612
58610
58609
58608
58607
58606
58605
58604
58603
58602
58601
58600
58599
58598
58597
58596
58595
58594
58593
58592
58591
58590
58589
58588
58587
58586
58585
58584
58583
58582
58581
58580
58579
58578
58577
58576
58575
58574
58573
58572
58571
58570
58569
58568
58567
58566
58564
58563
58562
58561
58560
58559
58558
58557
58556
58555
58554
58553
58552
58551
58550
58549
58548
58547
58545
58544
58542
58541
58540
58539
58538
58537
58536
58535
58534
58533
58532
58531
58530
58529
58528
58527
58526
58525
58524
58523
58522
58520
58519
58518
58517
58516
58515
58514
58513
58512
58511
58510
58509
58508
58507
58506
58505
58504
58503
58502
58500
58499
58498
58496
58495
58494
58493
58492
58491
58490
58489
58488
58487
58486
58485
58484
58483
58482
58481
58480
58479
58478
58477
58475
58474
58473
58472
58471
58470
58469
58468
58467
58466
58465
58464
58463
58462
58461
58460
58459
58458
58457
58456
58455
58454
58453
58452
58451
58450
58449
58448
58447
58446
58445
58444
58443
58442
58441
58440
58439
58438
58437
58436
58435
58434
58433
58432
58431
58430
58429
58428
58427
58426
58425
58423
58422
58421
58420
58419
58418
58417
58416
58415
58414
58413
58412
58411
58410
58409
58408
58407
58406
58405
58404
58403
58402
58401
58400
58399
58398
58396
58395
58394
58393
58392
58391
58389
58388
58387
58386
58385
58384
58383
58382
58381
58380
58379
58378
58377
58376
58375
58374
58373
58372
58371
58370
58369
58368
58366
58365
58364
58363
58362
58361
58360
58358
58357
58356
58355
58354
58353
58352
58351
58350
58349
58348
58347
58346
58345
58344
58343
58342
58341
58340
58339
58338
58337
58336
58335
58334
58333
58332
58331
58330
58329
58328
58327
58326
58325
58324
58323
58322
58321
58320
58319
58318
58317
58316
58315
58314
58313
58312
58311
58310
58308
58307
58306
58305
58303
58302
58301
58300
58299
58298
58297
58295
58294
58293
58292
58291
58290
58289
58288
58287
58286
58285
58283
58282
58281
58280
58279
58278
58277
58276
58274
58273
58272
58271
58270
58268
58267
58266
58265
58264
58263
58262
58261
58260
58259
58258
58256
58254
58253
58252
58251
58250
58249
58248
58247
58246
58245
58244
58243
58242
58241
58240
58239
58237
58236
58235
58234
58233
58232
58231
58230
58229
58228
58227
58226
58225
58224
58223
58222
58221
58220
58219
58218
58217
58216
58214
58213
58212
58211
58210
58209
58208
58207
58205
58204
58203
58202
58201
58200
58199
58198
58197
58196
58195
58194
58192
58191
58190
58189
58188
58187
58186
58185
58184
58183
58182
58181
58180
58179
58178
58177
58176
58175
58174
58173
58171
58170
58169
58168
58167
58165
58164
58163
58162
58161
58160
58159
58158
58157
58156
58155
58154
58153
58152
58151
58150
58149
58148
58147
58146
58145
58144
58143
58142
58141
58140
58139
58138
58137
58136
58135
58134
58133
58132
58131
58130
58129
58128
58127
58126
58125
58124
58123
58122
58121
58120
58119
58118
58117
58116
58115
58114
58113
58112
58111
58110
58109
58108
58107
58106
58105
58104
58103
58102
58101
58100
58099
58098
58097
58095
58094
58093
58092
58091
58090
58089
58088
58087
58086
58085
58084
58083
58082
58081
58079
58078
58077
58076
58075
58074
58073
58072
58071
58070
58068
58067
58066
58065
58064
58063
58062
58061
58060
58059
58058
58057
58056
58055
58054
58053
58052
58051
58050
58049
58048
58047
58046
58045
58044
58043
58042
58041
58040
58039
58038
58037
58036
58035
58034
58033
58032
58031
58030
58029
58027
58026
58025
58024
58023
58022
58021
58020
58019
58018
58017
58016
58015
58014
58013
58012
58011
58010
58009
58008
58007
58006
58005
58004
58003
58002
58001
58000
57999
57998
57997
57996
57995
57994
57993
57992
57991
57990
57989
57987
57986
57985
57984
57983
57982
57981
57980
57979
57978
57977
57976
57975
57974
57973
57972
57971
57970
57969
57968
57967
57965
57964
57963
57962
57961
57960
57959
57958
57957
57956
57955
57954
57953
57952
57950
57949
57948
57947
57946
57945
57944
57943
57942
57941
57940
57939
57938
57937
57936
57935
57934
57933
57932
57931
57930
57929
57928
57927
57926
57925
57923
57922
57920
57919
57918
57917
57916
57915
57913
57912
57911
57910
57908
57907
57906
57905
57904
57903
57901
57900
57899
57898
57897
57896
57895
57894
57893
57892
57891
57890
57889
57888
57887
57886
57885
57884
57883
57882
57881
57880
57879
57878
57877
57876
57875
57874
57873
57872
57871
57870
57869
57868
57867
57866
57865
57864
57863
57862
57861
57860
57859
57858
57857
57856
57855
57854
57853
57852
57851
57850
57849
57848
57847
57846
57845
57844
57843
57842
57841
57840
57839
57838
57837
57836
57835
57834
57833
57832
57831
57830
57829
57828
57827
57826
57825
57824
57823
57822
57821
57820
57819
57818
57817
57816
57815
57814
57813
57812
57811
57810
57809
57808
57807
57806
57805
57804
57803
57802
57801
57800
57799
57798
57797
57796
57795
57794
57793
57792
57791
57790
57789
57788
57787
57786
57785
57784
57783
57782
57781
57779
57778
57777
57776
57775
57774
57773
57772
57771
57769
57768
57767
57766
57765
57764
57763
57762
57761
57759
57758
57757
57756
57755
57753
57752
57751
57750
57749
57748
57747
57746
57745
57744
57743
57742
57741
57740
57739
57738
57737
57736
57735
57734
57733
57732
57731
57730
57729
57728
57726
57725
57724
57723
57722
57721
57720
57719
57718
57717
57716
57715
57714
57713
57712
57711
57710
57709
57708
57707
57706
57704
57703
57702
57701
57700
57699
57698
57697
57696
57695
57694
57693
57692
57691
57690
57689
57688
57687
57686
57685
57684
57683
57681
57680
57679
57678
57676
57675
57674
57673
57672
57671
57670
57669
57668
57667
57666
57665
57664
57663
57662
57661
57660
57659
57658
57657
57656
57655
57653
57652
57651
57650
57649
57648
57647
57646
57645
57644
57643
57642
57641
57640
57639
57638
57637
57636
57635
57634
57633
57632
57631
57630
57629
57628
57627
57626
57625
57624
57623
57622
57621
57620
57618
57617
57616
57615
57614
57613
57612
57611
57610
57609
57608
57607
57606
57605
57604
57603
57602
57601
57600
57599
57598
57597
57596
57595
57594
57593
57592
57591
57590
57589
57588
57587
57586
57585
57584
57583
57582
57581
57580
57579
57578
57577
57576
57575
57574
57573
57572
57571
57570
57569
57568
57567
57566
57565
57564
57563
57562
57561
57560
57559
57558
57557
57556
57555
57554
57553
57552
57551
57550
57549
57548
57547
57546
57545
57544
57543
57542
57541
57540
57539
57538
57537
57536
57535
57534
57533
57532
57531
57530
57529
57528
57527
57526
57525
57524
57523
57522
57521
57519
57518
57517
57516
57515
57514
57513
57512
57511
57509
57508
57507
57506
57505
57504
57503
57502
57501
57500
57499
57498
57496
57495
57494
57493
57492
57491
57490
57489
57488
57487
57486
57485
57484
57483
57482
57481
57480
57479
57478
57477
57476
57475
57474
57473
57472
57471
57470
57469
57468
57467
57466
57465
57464
57463
57462
57461
57460
57459
57458
57457
57456
57455
57454
57453
57452
57451
57450
57449
57448
57447
57446
57445
57444
57443
57442
57441
57440
57439
57438
57437
57436
57435
57434
57433
57432
57431
57429
57428
57427
57425
57424
57423
57422
57421
57420
57419
57418
57417
57416
57414
57413
57412
57411
57410
57409
57408
57407
57406
57405
57404
57403
57402
57401
57400
57399
57398
57397
57396
57395
57394
57393
57392
57391
57390
57389
57388
57386
57385
57384
57383
57382
57381
57380
57379
57378
57377
57375
57374
57373
57372
57371
57370
57369
57368
57367
57366
57365
57364
57362
57361
57360
57359
57358
57357
57356
57355
57354
57353
57352
57351
57350
57349
57348
57347
57346
57344
57343
57342
57340
57339
57338
57337
57336
57335
57334
57333
57332
57331
57330
57329
57328
57327
57326
57325
57324
57323
57322
57321
57320
57319
57318
57317
57316
57315
57314
57313
57312
57311
57310
57309
57308
57307
57306
57305
57304
57303
57302
57301
57300
57299
57298
57297
57296
57295
57294
57293
57292
57291
57290
57289
57288
57287
57286
57285
57284
57283
57282
57281
57280
57279
57278
57277
57276
57275
57274
57273
57272
57271
57270
57269
57268
57267
57266
57265
57264
57263
57262
57261
57260
57259
57258
57257
57255
57254
57253
57252
57251
57250
57249
57248
57247
57246
57245
57244
57243
57242
57241
57240
57239
57238
57237
57236
57235
57234
57233
57232
57231
57230
57229
57228
57227
57226
57225
57224
57223
57222
57221
57220
57219
57218
57217
57216
57215
57214
57213
57212
57211
57210
57209
57208
57207
57206
57205
57204
57203
57202
57201
57200
57199
57198
57197
57196
57195
57194
