10414
10409
10404
10399
10394
10390
10386
10382
10378
10374
10370
10366
10362
10358
10354
10350
10346
10342
10338
10334
10330
10326
10322
10318
10314
10310
10306
10302
10298
10294
10290
10287
10284
10281
10278
10275
10272
10269
10266
10263
10260
10257
10254
10251
10248
10245
10242
10239
10236
10233
10230
10227
10224
10221
10218
10215
10212
10209
10205
10202
10197
10194
10191
10188
10183
10180
10175
10172
10169
10164
10159
10156
10153
10149
10146
10142
10139
10135
10132
10128
10125
10121
10118
10115
10111
10108
10104
10102
10098
10095
10091
10088
10084
10081
10078
10074
10071
10068
10066
10064
10061
10059
10056
10054
10051
10048
10045
10043
10040
10038
10035
10033
10030
10027
10024
10020
10017
10014
10012
10008
10005
10002
9999
9996
9993
9990
9987
9984
9981
9978
9975
9972
9969
9966
9963
9960
9957
9954
9951
9948
9945
9942
9939
9936
9933
9930
9927
9924
9921
9918
9915
9912
9909
9906
9903
9900
9897
9894
9891
9888
9885
9882
9879
9876
9873
9870
9867
9864
9861
9858
9855
9852
9849
9846
9843
9840
9837
9834
9831
9828
9825
9822
9819
9816
9813
9810
9807
9804
9801
9798
9795
9792
9789
9786
9783
9780
9777
9774
9771
9768
9765
9762
9759
9756
9753
9750
9747
9744
9741
9738
9735
9732
9729
9726
9723
9720
9717
9714
9711
9708
9705
9702
9699
9696
9693
9690
9687
9684
9681
9678
9675
9672
9669
9666
9663
9660
9657
9654
9651
9648
9645
9642
9639
9636
9633
9630
9627
9624
9621
9618
9615
9612
9609
9606
9603
9600
9597
9594
9591
9588
9585
9582
9579
9576
9573
9570
9567
9564
9561
9558
9555
9552
9549
9546
9543
9540
9537
9534
9531
9528
9525
9522
9519
9516
9513
9510
9507
9504
9501
9498
9495
9492
9489
9486
9483
9480
9477
9474
9471
9468
9465
9462
9459
9456
9453
9450
9447
9444
9441
9438
9435
9432
9429
9426
9423
9420
9417
9414
9411
9408
9405
9402
9399
9396
9393
9390
9387
9384
9381
9378
9375
9372
9369
9366
9363
9360
9357
9354
9351
9348
9345
9342
9339
9336
9333
9330
9327
9324
9321
9318
9315
9312
9309
9306
9303
9300
9297
9294
9291
9288
9285
9282
9279
9276
9273
9270
9267
9264
9261
9258
9255
9252
9249
9246
9243
9240
9237
9234
9231
9228
9225
9222
9219
9216
9213
9210
9207
9204
9201
9198
9195
9192
9189
9186
9183
9180
9177
9174
9171
9168
9165
9162
9159
9156
9153
9150
9147
9144
9141
9138
9135
9132
9129
9126
9123
9120
9117
9114
9111
9108
9105
9102
9099
9096
9093
9090
9087
9084
9081
9078
9075
9072
9069
9066
9063
9060
9057
9054
9051
9048
9045
9042
9039
9036
9033
9030
9027
9024
9021
9018
9015
9012
9009
9006
9003
9000
8997
8994
8991
8988
8985
8982
8979
8976
8973
8970
8967
8964
8961
8958
8955
8952
8949
8946
8943
8940
8937
8934
8931
8928
8925
8922
8919
8916
8913
8910
8907
8904
8901
8898
8895
8892
8889
8886
8883
8880
8877
8874
8871
8868
8865
8862
8859
8856
8853
8850
8847
8844
8841
8838
8835
8832
8829
8826
8823
8820
8817
8814
8811
8808
8805
8802
8799
8796
8793
8790
8787
8784
8781
8778
8775
8772
8769
8766
8763
8760
8757
8754
8751
8748
8745
8742
8739
8736
8733
8730
8727
8724
8721
8718
8715
8712
8709
8706
8703
8700
8697
8694
8691
8688
8685
8682
8679
8676
8673
8670
8667
8664
8661
8658
8655
8652
8649
8646
8643
8640
8637
8634
8631
8628
8625
8622
8619
8616
8613
8610
8607
8604
8601
8598
8595
8592
8589
8586
8583
8580
8577
8574
8571
8568
8565
8562
8559
8556
8553
8550
8547
8544
8541
8538
8535
8532
8529
8526
8523
8520
8517
8514
8511
8508
8505
8502
8499
8496
8493
8490
8487
8484
8481
8478
8475
8472
8469
8466
8463
8460
8457
8454
8451
8448
8445
8442
8439
8436
8433
8430
8427
8424
8421
8418
8415
8412
8409
8406
8403
8400
8397
8394
8391
8388
8385
8382
8379
8376
8373
8370
8367
8364
8361
8358
8355
8352
8349
8346
8343
8340
8337
8334
8331
8328
8325
8323
8320
8317
8315
8312
8309
8306
8303
8300
8297
8294
8291
8288
8285
8282
8279
8276
8273
8270
8267
8264
8261
8258
8255
8253
8250
8247
8244
8241
8238
8235
8232
8229
8226
8223
8220
8217
8214
8211
8208
8205
8202
8199
8196
8193
8191
8188
8185
8182
8179
8176
8173
8170
8167
8164
8161
8158
8155
8152
8149
8146
8143
8140
8137
8134
8132
8129
8126
8123
8120
8117
8114
8111
8108
8105
8102
8099
8096
8093
8090
8087
8085
8082
8080
8077
8074
8071
8068
8065
8062
8059
8056
8053
8050
8047
8044
8041
8039
8036
8033
8030
8027
8024
8021
8018
8015
8012
8009
8006
8003
8000
7997
7994
7991
7988
7985
7982
7979
7976
7973
7970
7969
7966
7965
7962
7960
7958
7957
7956
7954
7952
7950
7949
7947
7944
7942
7940
7939
7937
7935
7933
7931
7929
7927
7926
7924
7922
7919
7917
7916
7915
7914
7912
7910
7908
7906
7904
7903
7900
7897
7895
7892
7890
7888
7886
7884
7882
7880
7878
7876
7874
7872
7870
7868
7866
7864
7861
7859
7857
7854
7852
7850
7849
7847
7845
7843
7841
7839
7837
7835
7833
7831
7829
7827
7825
7823
7821
7819
7817
7815
7813
7811
7809
7807
7805
7803
7801
7799
7797
7795
7793
7791
7789
7787
7785
7783
7781
7779
7777
7775
7773
7771
7769
7767
7765
7763
7761
7759
7757
7755
7753
7751
7749
7747
7745
7742
7741
7739
7737
7735
7733
7731
7729
7727
7725
7723
7721
7719
7717
7715
7713
7711
7709
7707
7705
7703
7701
7699
7697
7695
7693
7691
7689
7687
7685
7683
7681
7679
7677
7675
7674
7672
7670
7668
7666
7663
7661
7659
7657
7655
7653
7651
7649
7647
7645
7643
7641
7639
7637
7635
7633
7631
7629
7627
7625
7623
7621
7619
7617
7615
7613
7611
7609
7607
7605
7603
7601
7600
7598
7596
7594
7592
7590
7588
7586
7584
7582
7580
7578
7576
7574
7572
7570
7568
7566
7564
7562
7560
7558
7556
7554
7552
7550
7548
7546
7544
7542
7540
7538
7536
7535
7533
7531
7529
7527
7525
7523
7521
7519
7517
7515
7513
7511
7509
7507
7505
7503
7501
7499
7497
7495
7493
7491
7489
7487
7485
7483
7481
7479
7477
7475
7473
7471
7469
7467
7465
7463
7461
7459
7457
7455
7453
7451
7449
7447
7446
7444
7442
7440
7438
7436
7434
7432
7430
7428
7426
7425
7423
7421
7419
7417
7415
7413
7410
7408
7406
7404
7402
7400
7398
7396
7394
7392
7390
7387
7386
7384
7382
7380
7378
7376
7374
7372
7370
7368
7366
7364
7362
7360
7358
7356
7354
7352
7350
7348
7346
7344
7342
7340
7338
7336
7334
7333
7331
7329
7327
7325
7323
7321
7319
7317
7315
7313
7311
7309
7307
7305
7303
7301
7299
7297
7295
7293
7291
7289
7287
7285
7283
7281
7279
7277
7275
7273
7272
7270
7268
7266
7264
7262
7260
7258
7256
7254
7252
7250
7248
7246
7244
7242
7240
7238
7236
7234
7232
7230
7228
7226
7225
7223
7221
7219
7217
7215
7213
7211
7209
7207
7205
7203
7201
7199
7198
7196
7194
7192
7190
7188
7186
7184
7183
7181
7179
7177
7175
7173
7172
7170
7168
7166
7164
7162
7160
7158
7156
7154
7152
7150
7148
7146
7144
7143
7141
7139
7137
7136
7134
7132
7130
7128
7126
7124
7122
7120
7118
7115
7113
7111
7109
7107
7106
7104
7102
7100
7098
7096
7094
7092
7090
7088
7086
7084
7082
7080
7078
7076
7074
7071
7069
7067
7066
7064
7062
7060
7058
7056
7054
7052
7050
7048
7045
7043
7041
7039
7037
7035
7033
7031
7029
7027
7025
7023
7022
7020
7018
7016
7014
7012
7010
7008
7006
7004
7002
7000
6998
6996
6994
6992
6990
6988
6986
6984
6982
6980
6978
6976
6974
6972
6970
6968
6966
6964
6962
6960
6957
6955
6953
6951
6949
6947
6945
6943
6941
6939
6937
6935
6933
6931
6929
6927
6925
6923
6921
6919
6917
6915
6913
6911
6909
6907
6905
6904
6902
6900
6898
6896
6894
6892
6890
6888
6886
6884
6882
6880
6878
6876
6874
6872
6870
6868
6866
6864
6862
6860
6858
6856
6854
6852
6850
6847
6845
6843
6841
6839
6837
6835
6833
6831
6829
6827
6825
6823
6821
6819
6817
6815
6813
6811
6808
6806
6804
6802
6800
6798
6796
6794
6792
6790
6789
6787
6785
6783
6781
6779
6777
6775
6773
6771
6769
6767
6765
6763
6761
6759
6757
6755
6753
6751
6749
6747
6745
6743
6741
6739
6737
6735
6733
6731
6729
6727
6725
6723
6721
6719
6717
6715
6713
6711
6709
6707
6705
6703
6701
6699
6697
6695
6693
6691
6688
6686
6684
6682
6680
6678
6676
6674
6672
6670
6667
6665
6663
6661
6659
6657
6655
6653
6651
6649
6647
6645
6643
6641
6639
6637
6635
6633
6631
6629
6627
6625
6623
6621
6619
6617
6615
6613
6611
6609
6607
6605
6603
6601
6599
6597
6595
6593
6591
6589
6587
6585
6584
6582
6580
6578
6576
6574
6572
6570
6568
6567
6565
6563
6561
6559
6557
6555
6553
6551
6549
6547
6545
6543
6541
6539
6537
6535
6533
6531
6529
6527
6525
6523
6521
6519
6517
6515
6513
6511
6509
6507
6505
6503
6501
6499
6497
6495
6493
6491
6489
6487
6485
6483
6481
6480
6478
6476
6474
6472
6470
6468
6466
6465
6463
6461
6459
6457
6455
6453
6451
6449
6447
6445
6443
6441
6439
6437
6435
6433
6431
6429
6427
6426
6424
6422
6420
6418
6416
6414
6412
6410
6408
6406
6404
6402
6401
6399
6397
6395
6393
6391
6389
6388
6386
6384
6382
6380
6378
6376
6374
6372
6370
6368
6366
6364
6362
6360
6358
6357
6355
6353
6351
6349
6347
6345
6343
6341
6339
6339
6337
6336
6334
6334
6332
6331
6329
6328
6326
6324
6322
6322
6320
6319
6317
6315
6314
6314
6314
6312
6312
6310
6308
6306
6306
6304
6303
6301
6299
6297
6295
6294
6292
6290
6288
6286
6284
6284
6282
6282
6280
6280
6280
6278
6278
6278
6276
6274
6272
6271
6270
6270
6268
6268
6266
6266
6264
6264
6263
6261
6261
6259
6257
6255
6255
6253
6252
6250
6248
6248
6246
6246
6244
6242
6242
6240
6239
6237
6237
6235
6233
6231
6230
6228
6226
6226
6224
6222
6222
6220
6218
6218
6216
6215
6213
6211
6211
6209
6207
6205
6205
6203
6202
6200
6200
6198
6198
6196
6196
6194
6193
6191
6189
6187
6187
6185
6185
6183
6182
6180
6178
6178
6176
6174
6174
6172
6170
6168
6168
6166
6165
6163
6162
6160
6158
6158
6156
6154
6152
6152
6150
6148
6148
6146
6146
6144
6142
6142
6140
6140
6138
6137
6136
6136
6136
6136
6136
6135
6134
6132
6131
6130
6128
6126
6125
6124
6123
6122
6120
6119
6117
6116
6116
6115
6114
6114
6113
6113
6113
6111
6110
6109
6109
6109
6109
6108
6106
6106
6106
6105
6103
6102
6102
6101
6101
6101
6099
6097
6097
6096
6096
6096
6096
6096
6095
6095
6094
6093
6093
6091
6091
6091
6090
6088
6088
6088
6087
6087
6087
6086
6085
6085
6085
6085
6085
6085
6084
6084
6083
6083
6082
6082
6081
6081
6080
6080
6079
6079
6078
6078
6076
6075
6075
6074
6073
6073
6073
6072
6072
6072
6071
6070
6070
6069
6069
6068
6067
6067
6067
6065
6065
6065
6064
6063
6062
6062
6061
6060
6059
6059
6057
6057
6057
6057
6057
6057
6056
6056
6056
6056
6056
6054
6054
6054
6052
6052
6051
6050
6048
6047
6046
6046
6045
6044
6044
6044
6043
6042
6042
6041
6040
6038
6036
6035
6035
6034
6033
6031
6030
6029
6028
6028
6026
6026
6025
6024
6022
6021
6020
6020
6020
6018
6017
6016
6016
6016
6016
6016
6015
6014
6014
6014
6012
6011
6011
6009
6007
6007
6005
6004
6002
6000
6000
5998
5996
5995
5993
5993
5993
5991
5991
5989
5987
5986
5984
5983
5981
5981
5979
5977
5977
5975
5973
5971
5969
5969
5967
5965
5965
5963
5963
5961
5961
5959
5957
5957
5955
5953
5951
5951
5949
5947
5946
5944
5942
5942
5940
5938
5936
5934
5934
5932
5932
5930
5928
5928
5926
5925
5924
5924
5923
5922
5922
5922
5922
5920
5918
5918
5916
5914
5913
5911
5911
5909
5907
5906
5905
5903
5901
5901
5899
5899
5897
5895
5894
5892
5890
5890
5888
5886
5886
5884
5882
5882
5881
5879
5877
5876
5876
5876
5876
5875
5874
5874
5873
5872
5872
5870
5870
5868
5866
5865
5863
5861
5859
5857
5855
5854
5852
5850
5850
5848
5847
5845
5845
5844
5843
5843
5843
5841
5841
5840
5838
5837
5836
5835
5834
5832
5831
5831
5830
5830
5829
5827
5825
5824
5823
5822
5822
5820
5818
5816
5815
5813
5812
5810
5809
5809
5808
5807
5805
5805
5804
5803
5801
5799
5797
5795
5793
5793
5791
5791
5789
5787
5786
5785
5783
5782
5781
5779
5778
5776
5775
5773
5772
5770
5769
5769
5768
5766
5765
5763
5762
5760
5759
5758
5758
5757
5755
5754
5754
5753
5752
5750
5749
5748
5747
5746
5745
5744
5742
5741
5740
5739
5738
5737
5736
5735
5734
5733
5732
5731
5730
5729
5728
5727
5726
5725
5724
5723
5722
5721
5720
5718
5717
5716
5715
5714
5713
5712
5711
5710
5709
5708
5707
5706
5705
5704
5703
5702
5701
5700
5699
5698
5697
5696
5695
5694
5693
5692
5691
5689
5688
5687
5686
5685
5684
5683
5682
5681
5680
5679
5678
5677
5676
5675
5674
5673
5672
5671
5670
5669
5668
5667
5666
5665
5664
5663
5662
5661
5660
5659
5658
5657
5656
5655
5654
5653
5652
5651
5650
5649
5648
5647
5646
5645
5644
5644
5644
5643
5642
5641
5640
5639
5638
5637
5636
5635
5634
5633
5632
5631
5630
5629
5628
5627
5626
5625
5624
5623
5622
5621
5620
5618
5617
5616
5615
5614
5613
5612
5611
5610
5609
5609
5608
5607
5606
5605
5604
5603
5602
5601
5600
5599
5599
5599
5598
5597
5596
5595
5594
5593
5592
5591
5590
5589
5588
5587
5586
5585
5584
5583
5582
5581
5580
5579
5578
5577
5576
5575
5574
5573
5572
5570
5569
5568
5567
5566
5565
5564
5562
5561
5560
5559
5558
5557
5556
5555
5554
5553
5552
5551
5550
5549
5548
5547
5546
5545
5544
5543
5542
5541
5540
5539
5538
5537
5535
5534
5533
5532
5531
5530
5529
5528
5527
5526
5525
5524
5523
5522
5521
5520
5519
5518
5517
5516
5515
5514
5513
5512
5511
5509
5508
5507
5506
5505
5504
5503
5502
5501
5500
5499
5498
5497
5496
5495
5494
5493
5492
5491
5490
5489
5488
5487
5486
5485
5484
5483
5482
5481
5480
5479
5478
5477
5476
5475
5474
5473
5472
5471
5470
5469
5468
5467
5466
5465
5464
5463
5462
5461
5460
5459
5458
5457
5456
5455
5454
5453
5452
5451
5450
5449
5448
5447
5446
5445
5444
5443
5442
5441
5439
5438
5437
5436
5435
5434
5433
5432
5431
5430
5429
5428
5427
5426
5425
5424
5423
5422
5421
5420
5419
5418
5416
5415
5414
5413
5412
5411
5410
5409
5408
5407
5406
5405
5404
5403
5401
5400
5399
5398
5397
5396
5395
5394
5393
5392
5391
5390
5389
5388
5387
5386
5385
5384
5383
5382
5381
5380
5379
5378
5377
5376
5375
5374
5373
5372
5371
5370
5369
5368
5367
5366
5365
5364
5363
5362
5361
5360
5359
5358
5356
5355
5354
5353
5352
5351
5350
5349
5348
5347
5346
5345
5344
5343
5342
5341
5340
5339
5338
5337
5336
5335
5334
5333
5332
5331
5330
5329
5328
5327
5326
5325
5324
5323
5322
5321
5320
5319
5318
5317
5316
5315
5314
5313
5312
5311
5310
5309
5308
5307
5306
5305
5304
5303
5302
5301
5300
5299
5298
5297
5296
5295
5294
5294
5293
5290
5289
5289
5288
5287
5286
5285
5284
5283
5282
5281
5280
5279
5278
5277
5276
5275
5274
5273
5272
5271
5270
5269
5268
5267
5266
5265
5264
5263
5262
5261
5260
5259
5258
5257
5256
5254
5253
5252
5251
5250
5249
5248
5247
5246
5245
5244
5243
5242
5241
5240
5239
5238
5237
5236
5235
5234
5233
5232
5231
5230
5229
5228
5227
5226
5225
5224
5223
5222
5221
5220
5219
5218
5217
5216
5215
5214
5213
5212
5211
5210
5209
5208
5207
5206
5205
5204
5203
5202
5201
5200
5199
5198
5196
5195
5194
5193
5192
5191
5190
5189
5188
5187
5186
5184
5183
5183
5182
5181
5180
5179
5178
5177
5176
5175
5173
5173
5172
5171
5170
5169
5168
5167
5166
5165
5164
5163
5162
5161
5160
5161
5160
5158
5157
5156
5155
5154
5152
5151
5150
5149
5148
5147
5146
5144
5143
5142
5141
5140
5139
5138
5137
5136
5135
5134
5133
5132
5131
5130
5129
5128
5127
5126
5124
5123
5122
5121
5120
5119
5118
5117
5116
5115
5114
5113
5112
5111
5110
5109
5108
5107
5106
5104
5103
5102
5101
5100
5099
5098
5097
5096
5095
5094
5093
5092
5091
5090
5089
5088
5087
5086
5085
5084
5083
5082
5081
5080
5079
5078
5077
5076
5075
5074
5073
5072
5071
5070
5069
5067
5066
5065
5064
5063
5062
5061
5060
5059
5058
5057
5056
5055
5054
5053
5052
5051
5050
5049
5048
5047
5046
5045
5044
5043
5041
5040
5039
5038
5036
5035
5034
5033
5032
5031
5030
5029
5028
5027
5026
5025
5024
5023
5022
5021
5020
5019
5018
5017
5016
5015
5014
5013
5012
5011
5010
5009
5009
5008
5007
5005
5005
5004
5003
5002
5001
5000
4999
4998
4997
4995
4993
4992
4991
4990
4989
4988
4987
4986
4985
4984
4983
4984
4983
4982
4981
4980
4979
4978
4977
4976
4975
4974
4973
4972
4971
4970
4969
4968
4967
4966
4965
4964
4963
4963
4962
4961
4960
4959
4958
4957
4956
4955
4954
4953
4952
4951
4950
4949
4947
4946
4945
4944
4943
4942
4941
4940
4939
4938
4937
4936
4935
4934
4932
4930
4929
4928
4927
4926
4925
4924
4923
4922
4921
4919
4918
4917
4916
4915
4914
4913
4912
4911
4910
4909
4908
4907
4906
4905
4904
4903
4902
4901
4900
4899
4898
4897
4896
4895
4894
4893
4892
4891
4890
4889
4888
4887
4886
4885
4884
4883
4882
4881
4880
4879
4878
4877
4876
4875
4874
4873
4872
4871
4870
4869
4868
4867
4866
4865
4864
4863
4862
4861
4860
4859
4858
4856
4855
4854
4853
4852
4851
4850
4849
4848
4847
4846
4845
4844
4843
4842
4841
4840
4839
4838
4837
4836
4835
4834
4833
4832
4831
4830
4829
4828
4827
4826
4825
4824
4823
4822
4821
4820
4819
4818
4817
4816
4815
4814
4813
4813
4812
4811
4810
4809
4808
4808
4807
4806
4805
4804
4803
4803
4802
4801
4801
4800
4799
4799
4798
4797
4796
4795
4794
4793
4792
4791
4790
4789
4788
4787
4786
4785
4784
4783
4782
4781
4780
4779
4778
4776
4775
4774
4773
4773
4772
4771
4770
4769
4768
4767
4766
4766
4765
4764
4764
4763
4762
4761
4760
4759
4758
4757
4756
4755
4754
4753
4752
4751
4750
4749
4748
4747
4747
4746
4745
4744
4743
4742
4741
4740
4739
4738
4737
4736
4736
4735
4734
4733
4732
4731
4730
4730
4729
4729
4728
4728
4727
4727
4726
4725
4724
4724
4723
4723
4723
4723
4722
4721
4721
4720
4719
4719
4718
4717
4716
4716
4715
4714
4713
4712
4711
4710
4709
4708
4707
4706
4705
4704
4703
4704
4703
4702
4701
4700
4699
4700
4700
4699
4698
4700
4699
4698
4697
4697
4696
4696
4696
4695
4694
4693
4692
4692
4691
4690
4689
4689
4688
4687
4687
4686
4686
4685
4684
4684
4684
4683
4682
4681
4680
4679
4678
4678
4677
4676
4675
4675
4675
4674
4674
4673
4673
4672
4672
4671
4670
4670
4670
4670
4670
4670
4670
4669
4669
4668
4666
4665
4665
4665
4665
4665
4665
4665
4665
4665
4665
4665
4665
4664
4664
4665
4665
4664
4664
4664
4665
4665
4665
4664
4664
4664
4664
4664
4664
4664
4664
4664
4663
4663
4663
4663
4663
4663
4663
4663
4663
4662
4662
4662
4662
4661
4660
4659
4660
4659
4658
4657
4656
4655
4654
4653
4652
4652
4652
4651
4650
4649
4649
4649
4648
4649
4649
4651
4649
4648
4647
4647
4645
4645
4644
4642
4641
4641
4641
4641
4642
4641
4641
4641
4641
4640
4640
4640
4640
4640
4640
4641
4641
4641
4641
4641
4640
4640
4639
4639
4639
4639
4639
4639
4639
4639
4639
4639
4639
4639
4640
4640
4640
4640
4640
4641
4641
4642
4642
4641
4642
4642
4642
4642
4641
4640
4640
4640
4640
4638
4638
4637
4636
4636
4635
4635
4635
4635
4635
4635
4634
4633
4633
4632
4633
4633
4633
4632
4632
4632
4632
4632
4631
4632
4632
4632
4631
4630
4630
4629
4629
4628
4627
4627
4626
4626
4627
4627
4626
4626
4626
4626
4627
4626
4625
4625
4625
4624
4623
4623
4623
4622
4621
4620
4620
4620
4619
4619
4619
4619
4618
4619
4619
4618
4618
4617
4617
4617
4617
4617
4618
4618
4618
4619
4620
4621
4620
4619
4620
4620
4620
4619
4619
4619
4618
4617
4616
4616
4616
4616
4616
4615
4615
4615
4615
4616
4615
4614
4615
4615
4615
4615
4615
4615
4615
4615
4615
4615
4614
4614
4613
4613
4613
4612
4612
4612
4612
4612
4612
4612
4612
4612
4612
4611
4612
4612
4611
4610
4610
4610
4610
4610
4609
4608
4608
4608
4609
4609
4609
4609
4609
4609
4609
4608
4608
4608
4608
4607
4608
4608
4609
4610
4610
4609
4609
4608
4609
4609
4609
4609
4609
4609
4608
4607
4607
4606
4606
4606
4606
4604
4605
4605
4606
4605
4605
4604
4604
4603
4603
4603
4602
4602
4601
4601
4600
4600
4600
4599
4599
4599
4599
4599
4599
4598
4598
4597
4597
4597
4597
4597
4597
4597
4598
4597
4596
4596
4596
4595
4594
4594
4594
4594
4593
4593
4593
4593
4592
4592
4592
4592
4592
4592
4592
4592
4592
4592
4592
4592
4592
4591
4592
4592
4592
4593
4591
4593
4593
4593
4592
4592
4591
4591
4591
4591
4591
4591
4590
4591
4591
4591
4591
4591
4591
4591
4591
4591
4591
4590
4590
4589
4589
4589
4588
4588
4588
4588
4588
4588
4587
4587
4587
4587
4586
4586
4586
4586
4586
4585
4584
4583
4583
4583
4582
4582
4581
4580
4579
4578
4578
4578
4577
4577
4577
4577
4577
4577
4577
4576
4575
4574
4573
4573
4573
4573
4573
4573
4573
4573
4572
4571
4571
4571
4570
4570
4570
4570
4569
4569
4569
4569
4569
4568
4568
4568
4567
4566
4566
4566
4565
4564
4563
4562
4562
4561
4560
4559
4559
4560
4560
4560
4560
4559
4559
4560
4561
4562
4562
4561
4560
4559
4559
4559
4560
4559
4559
4559
4558
4557
4557
4556
4555
4556
4556
4555
4554
4555
4555
4555
4554
4553
4553
4552
4552
4552
4552
4551
4551
4551
4551
4551
4550
4550
4550
4550
4550
4550
4550
4550
4550
4550
4549
4548
4548
4547
4547
4547
4546
4546
4544
4544
4545
4546
4546
4546
4546
4544
4544
4545
4546
4546
4545
4545
4545
4544
4545
4545
4545
4543
4543
4542
4543
4543
4543
4543
4543
4543
4543
4543
4543
4543
4543
4543
4544
4543
4543
4543
4544
4544
4544
4544
4544
4544
4544
4544
4545
4545
4545
4544
4543
4543
4544
4544
4544
4544
4544
4544
4544
4544
4545
4544
4545
4545
4546
4545
4546
4547
4547
4547
4547
4546
4546
4546
4546
4546
4547
4547
4547
4547
4547
4546
4545
4545
4544
4544
4544
4544
4544
4542
4542
4543
4543
4543
4544
4544
4544
4544
4544
4544
4545
4544
4544
4544
4544
4544
4544
4545
4545
4545
4545
4544
4545
4544
4545
4546
4547
4548
4547
4548
4547
4547
4547
4547
4546
4547
4548
4548
4548
4548
4550
4551
4550
4549
4548
4548
4548
4548
4547
4547
4547
4546
4546
4546
4545
4545
4545
4546
4546
4546
4546
4545
4544
4544
4543
4542
4542
4542
4541
4542
4542
4542
4543
4543
4542
4542
4541
4541
4541
4541
4540
4539
4538
4537
4537
4538
4538
4537
4536
4536
4536
4536
4536
4535
4534
4534
4535
4534
4534
4533
4533
4533
4532
4532
4531
4531
4530
4530
4530
4529
4529
4528
4527
4527
4528
4527
4526
4526
4526
4527
4527
4526
4525
4527
4526
4525
4524
4524
4525
4524
4523
4523
4523
4522
4523
4523
4523
4523
4523
4523
4523
4523
4523
4524
4523
4524
4524
4523
4522
4522
4521
4520
4520
4519
4520
4520
4521
4520
4519
4518
4517
4517
4516
4515
4514
4514
4514
4513
4512
4513
4512
4512
4512
4512
4513
4512
4511
4511
4511
4510
4512
4513
4512
4512
4512
4512
4513
4512
4512
4511
4511
4510
4509
4509
4509
4509
4508
4507
4507
4506
4506
4506
4506
4506
4506
4505
4504
4503
4502
4501
4500
4499
4498
4498
4497
4498
4498
4498
4497
4497
4496
4495
4494
4495
4495
4495
4494
4494
4494
4493
4493
4492
4493
4492
4492
4493
4493
4492
4491
4491
4490
4490
4491
4491
4490
4489
4488
4487
4487
4487
4487
4487
4486
4485
4484
4484
4483
4482
4482
4482
4481
4481
4480
4479
4478
4478
4477
4477
4476
4476
4476
4476
4475
4475
4474
4474
4473
4472
4471
4471
4470
4470
4469
4468
4468
4468
4468
4468
4468
4467
4467
4468
4467
4467
4466
4466
4465
4464
4463
4462
4461
4460
4459
4458
4457
4456
4457
4456
4456
4455
4455
4454
4454
4454
4454
4454
4454
4453
4454
4454
4453
4452
4452
4451
4451
4450
4450
4449
4449
4448
4448
4447
4449
4448
4447
4447
4446
4445
4444
4443
4442
4441
4440
4439
4438
4437
4436
4435
4434
4433
4432
4432
4432
4431
4431
4430
4430
4429
4429
4428
4427
4426
4425
4424
4423
4422
4421
4420
4419
4418
4417
4416
4415
4414
4413
4412
4411
4410
4409
4408
4407
4406
4405
4406
4406
4406
4405
4405
4404
4404
4404
4404
4404
4403
4403
4402
4402
4401
4401
4401
4401
4400
4400
4400
4400
4400
4400
4400
4399
4399
4398
4399
4399
4400
4400
4400
4400
4400
4400
4400
4400
4400
4399
4398
4398
4397
4397
4396
4396
4396
4396
4395
4395
4395
4395
4395
4395
4394
4394
4394
4394
4394
4394
4394
4394
4394
4394
4394
4394
4394
4394
4394
4394
4394
4393
4393
4393
4393
4393
4393
4393
4393
4393
4393
4393
4393
4392
4392
4392
4392
4392
4392
4392
4392
4392
4392
4392
4392
4392
4392
4392
4392
4392
4392
4392
4392
4392
4392
4391
4391
4391
4391
4391
4391
4390
4390
4390
4390
4390
4390
4390
4390
4390
4390
4390
4390
4390
4390
4390
4390
4390
4390
4390
4390
4390
4390
4389
4389
4389
4389
4389
4389
4389
4389
4389
4390
4389
4389
4389
4389
4389
4389
4389
4389
4389
4389
4389
4389
4389
4389
4389
4389
4389
4389
4389
4389
4389
4389
4389
4389
4389
4388
4388
4388
4388
4387
4387
4387
4387
4387
4386
4386
4385
4385
4385
4385
4385
4385
4385
4385
4385
4385
4385
4385
4385
4385
4385
4385
4385
4385
4385
4385
4385
4385
4385
4385
4385
4385
4385
4384
4384
4384
4384
4384
4384
4384
4384
4384
4384
4384
4384
4384
4384
4384
4384
4384
4384
4384
4384
4384
4384
4383
4383
4383
4383
4383
4383
4383
4383
4383
4382
4382
4382
4382
4381
4382
4382
4382
4382
4382
4382
4382
4382
4382
4382
4382
4382
4382
4382
4382
4382
4382
4382
4382
4382
4382
4382
4383
4383
4383
4383
4382
4382
4382
4382
4382
4382
4382
4382
4382
4382
4382
4382
4382
4382
4382
4382
4381
4381
4381
4381
4381
4381
4381
4382
4382
4381
4381
4382
4382
4382
4382
4382
4382
4382
4382
4382
4382
4382
4382
4382
4382
4382
4382
4382
4382
4382
4382
4382
4382
4381
4381
4381
4381
4380
4379
4379
4379
4378
4377
4377
4377
4377
4376
4376
4376
4375
4375
4375
4375
4374
4374
4374
4374
4374
4374
4374
4374
4374
4374
4374
4374
4374
4374
4374
4374
4374
4374
4374
4374
4375
4375
4375
4376
4377
4377
4378
4378
4379
4379
4379
4378
4378
4380
4380
4381
4381
4382
4382
4382
4381
4381
4381
4381
4381
4381
4381
4380
4380
4380
4379
4379
4379
4378
4378
4378
4378
4378
4378
4378
4378
4378
4378
4378
4378
4378
4378
4378
4378
4378
4378
4378
4378
4378
4378
4378
4378
4378
4378
4378
4378
4378
4378
4378
4378
4378
4378
4378
4378
4378
4378
4378
4378
4378
4379
4379
4379
4379
4381
4381
4382
4382
4383
4382
4382
4382
4383
4383
4383
4383
4384
4384
4384
4384
4384
4383
4382
4382
4382
4382
4382
4382
4382
4383
4383
4383
4383
4383
4383
4383
4382
4382
4382
4382
4382
4382
4382
4382
4382
4382
4382
4382
4382
4382
4382
4381
4381
4381
4381
4382
4382
4382
4382
4382
4383
4383
4382
4381
4382
4381
4381
4381
4381
4381
4382
4382
4382
4382
4382
4382
4382
4382
4382
4382
4382
4382
4382
4382
4382
4382
4382
4382
4382
4382
4382
4382
4382
4382
4382
4382
4382
4382
4384
4384
4384
4384
4384
4384
4384
4384
4385
4385
4386
4386
4386
4386
4386
4386
4386
4386
4386
4386
4385
4385
4385
4385
4385
4385
4385
4385
4385
4385
4385
4384
4384
4384
4384
4384
4384
4384
4384
4384
4384
4384
4384
4384
4384
4384
4384
4384
4384
4385
4385
4385
4385
4385
4385
4385
4385
4384
4384
4384
4384
4384
4384
4384
4384
4384
4384
4384
4384
4383
4383
4383
4383
4383
4383
4385
4386
4386
4386
4386
4387
4387
4387
4386
4386
4386
4386
4386
4386
4386
4386
4385
4385
4386
4386
4385
4385
4385
4386
4385
4385
4385
4385
4386
4386
4386
4387
4386
4386
4386
4386
4386
4385
4385
4385
4385
4384
4383
4383
4383
4383
4383
4383
4383
4382
4382
4381
4381
4381
4381
4382
4382
4382
4382
4382
4382
4382
4382
4382
4382
4382
4382
4382
4382
4382
4383
4383
4383
4383
4384
4383
4383
4383
4383
4383
4384
4384
4384
4384
4384
4384
4384
4384
4384
4384
4384
4384
4384
4384
4384
4384
4384
4383
4383
4383
4383
4383
4383
4383
4383
4383
4383
4384
4384
4384
4384
4384
4384
4384
4384
4384
4385
4385
4385
4386
4386
4386
4386
4386
4387
4387
4387
4389
4390
4390
4392
4392
4393
4393
4393
4394
4394
4394
4395
4395
4397
4397
4396
4396
4397
4397
4397
4398
4399
4399
4400
4401
4403
4403
4403
4404
4405
4407
4406
4405
4407
4407
4407
4407
4408
4408
4409
4411
4411
4412
4411
4411
4411
4412
4412
4414
4413
4413
4414
4414
4414
4416
4416
4417
4419
4421
4422
4423
4425
4426
4427
4428
4429
4430
4431
4432
4433
4435
4436
4436
4438
4439
4440
4440
4441
4441
4440
4440
4441
4442
4442
4443
4443
4443
4443
4443
4444
4445
4446
4448
4449
4450
4452
4452
4452
4454
4454
4454
4456
4457
4458
4458
4459
4461
4462
4463
4463
4463
4464
4464
4466
4467
4469
4470
4472
4472
4473
4474
4474
4473
4473
4473
4474
4474
4474
4475
4477
4479
4480
4480
4480
4481
4482
4482
4483
4484
4484
4485
4485
4486
4486
4487
4487
4488
4488
4489
4490
4491
4491
4492
4492
4494
4495
4496
4497
4498
4498
4499
4499
4500
4501
4502
4503
4504
4504
4504
4504
4504
4503
4504
4505
4506
4505
4506
4507
4509
4510
4509
4511
4512
4514
4514
4514
4514
4515
4514
4514
4514
4515
4516
4517
4517
4518
4517
4517
4519
4520
4520
4522
4523
4524
4526
4526
4525
4525
4527
4528
4529
4531
4531
4532
4531
4531
4532
4533
4534
4536
4536
4537
4537
4538
4540
4542
4544
4543
4544
4545
4545
4547
4547
4548
4548
4549
4550
4551
4552
4554
4555
4556
4558
4558
4559
4561
4562
4561
4562
4563
4565
4566
4566
4566
4567
4568
4569
4569
4570
4571
4571
4571
4572
4573
4574
4575
4576
4577
4577
4577
4578
4580
4580
4581
4583
4585
4586
4585
4586
4586
4587
4587
4587
4589
4590
4592
4593
4595
4596
4597
4598
4599
4599
4599
4600
4601
4603
4603
4603
4603
4605
4607
4608
4609
4608
4610
4611
4612
4613
4614
4614
4615
4615
4615
4615
4616
4617
4617
4619
4620
4622
4623
4624
4624
4624
4624
4625
4626
4627
4628
4629
4629
4629
4629
4629
4629
4629
4631
4632
4633
4634
4635
4635
4636
4636
4636
4637
4637
4637
4637
4638
4639
4640
4641
4642
4642
4643
4644
4645
4646
4645
4647
4648
4648
4647
4649
4649
4650
4651
4651
4651
4652
4653
4654
4655
4655
4656
4658
4658
4659
4659
4659
4660
4661
4662
4662
4661
4662
4664
4665
4666
4666
4667
4669
4670
4671
4671
4672
4672
4673
4672
4674
4675
4676
4677
4678
4680
4682
4683
4684
4684
4684
4684
4685
4685
4687
4687
4688
4690
4691
4691
4691
4692
4692
4694
4692
4692
4693
4693
4695
4697
4697
4698
4698
4698
4698
4699
4700
4701
4703
4704
4704
4705
4707
4707
4708
4709
4710
4710
4710
4710
4711
4713
4715
4716
4718
4719
4720
4721
4722
4722
4722
4722
4723
4724
4724
4725
4725
4726
4725
4726
4726
4726
4728
4729
4729
4729
4731
4733
4735
4735
4735
4736
4738
4738
4738
4738
4738
4739
4740
4740
4739
4741
4742
4742
4743
4745
4745
4746
4745
4745
4746
4746
4745
4747
4748
4749
4750
4751
4752
4753
4755
4756
4757
4758
4758
4758
4758
4758
4759
4760
4760
4761
4761
4763
4764
4766
4766
4766
4766
4767
4769
4770
4770
4770
4770
4771
4773
4775
4776
4776
4776
4777
4779
4780
4781
4782
4783
4783
4783
4784
4784
4784
4785
4787
4788
4788
4789
4792
4792
4793
4793
4794
4795
4795
4795
4795
4795
4796
4796
4797
4797
4798
4798
4798
4799
4800
4800
4801
4800
4800
4800
4801
4801
4802
4804
4805
4807
4808
4809
4810
4811
4812
4812
4814
4815
4815
4817
4817
4819
4820
4821
4822
4822
4822
4823
4824
4825
4826
4826
4826
4827
4828
4829
4831
4832
4832
4832
4833
4834
4834
4834
4835
4834
4834
4835
4836
4836
4837
4838
4838
4838
4838
4839
4839
4839
4839
4840
4839
4838
4839
4839
4839
4840
4841
4842
4843
4843
4842
4844
4844
4846
4848
4850
4850
4851
4853
4854
4855
4855
4856
4857
4857
4859
4860
4862
4862
4862
4861
4863
4864
4865
4867
4866
4866
4866
4867
4868
4867
4867
4868
4867
4868
4869
4869
4870
4870
4872
4872
4873
4873
4874
4874
4874
4874
4874
4874
4874
4875
4875
4875
4876
4877
4879
4878
4879
4880
4880
4880
4880
4880
4882
4881
4882
4883
4885
4885
4885
4887
4889
4891
4892
4893
4893
4894
4895
4897
4897
4898
4899
4900
4901
4903
4903
4903
4904
4904
4904
4905
4907
4909
4909
4910
4911
4911
4912
4911
4913
4915
4917
4919
4920
4919
4919
4919
4919
4921
4921
4921
4921
4923
4925
4927
4927
4927
4926
4928
4929
4930
4930
4929
4929
4931
4931
4931
4932
4933
4936
4937
4938
4939
4939
4940
4940
4940
4941
4942
4943
4944
4945
4947
4948
4947
4947
4947
4948
4949
4949
4950
4951
4952
4952
4953
4953
4954
4955
4955
4955
4957
4957
4959
4959
4960
4960
4960
4961
4963
4965
4965
4965
4967
4968
4968
4968
4970
4971
4972
4972
4972
4973
4975
4975
4975
4975
4976
4977
4978
4978
4979
4980
4982
4982
4982
4984
4984
4984
4984
4986
4986
4985
4986
4986
4985
4986
4986
4988
4989
4989
4989
4991
4992
4992
4993
4994
4994
4996
4996
4996
4997
4998
4999
4999
5001
5002
5003
5002
5002
5003
5003
5003
5004
5006
5007
5008
5009
5010
5010
5011
5012
5012
5012
5011
5011
5011
5013
5014
5015
5016
5017
5018
5018
5020
5021
5021
5022
5022
5025
5026
5027
5028
5027
5028
5028
5029
5030
5031
5031
5032
5034
5036
5036
5037
5038
5039
5040
5041
5042
5044
5043
5043
5043
5044
5046
5045
5046
5046
5048
5048
5049
5050
5051
5052
5052
5053
5055
5055
5056
5057
5057
5059
5060
5061
5061
5061
5061
5063
5064
5065
5065
5064
5064
5065
5064
5066
5067
5068
5069
5070
5070
5071
5073
5074
5076
5077
5076
5076
5077
5079
5079
5080
5081
5081
5081
5082
5083
5084
5084
5084
5084
5085
5086
5088
5089
5091
5091
5092
5093
5093
5092
5092
5092
5093
5093
5094
5094
5094
5094
5095
5095
5096
5097
5097
5097
5098
5099
5100
5099
5100
5102
5104
5105
5105
5106
5107
5107
5107
5107
5109
5109
5110
5110
5110
5111
5112
5113
5114
5116
5116
5117
5118
5117
5118
5118
5118
5118
5120
5121
5122
5123
5125
5126
5126
5127
5128
5128
5129
5130
5130
5130
5131
5132
5133
5133
5133
5134
5135
5136
5136
5136
5136
5138
5138
5139
5140
5140
5139
5139
5141
5142
5144
5144
5145
5144
5144
5144
5146
5146
5147
5146
5146
5148
5150
5151
5153
5154
5154
5156
5157
5158
5159
5159
5160
5161
5161
5161
5162
5163
5162
5164
5165
5165
5166
5168
5168
5169
5171
5171
5172
5173
5173
5173
5174
5174
5175
5175
5176
5177
5178
5178
5178
5178
5179
5180
5181
5181
5182
5183
5183
5184
5185
5185
5186
5187
5189
5189
5190
5190
5191
5191
5193
5194
5194
5195
5196
5196
5196
5197
5198
5200
5202
5204
5204
5206
5208
5209
5210
5210
5211
5212
5212
5213
5213
5214
5215
5214
5214
5215
5216
5217
5217
5217
5218
5218
5220
5220
5221
5222
5222
5224
5225
5226
5225
5227
5228
5229
5230
5230
5230
5232
5232
5232
5233
5234
5234
5234
5234
5235
5235
5236
5238
5238
5240
5241
5241
5242
5244
5245
5246
5247
5247
5248
5248
5249
5250
5251
5252
5252
5253
5253
5254
5255
5255
5255
5255
5255
5255
5255
5257
5257
5258
5259
5261
5262
5263
5262
5263
5264
5265
5266
5267
5268
5269
5269
5270
5272
5271
5272
5273
5273
5273
5273
5272
5273
5274
5275
5276
5277
5276
5276
5276
5278
5279
5280
5281
5281
5282
5284
5285
5285
5286
5286
5288
5289
5289
5290
5292
5291
5291
5291
5293
5293
5292
5293
5294
5294
5295
5296
5296
5297
5297
5297
5298
5298
5299
5300
5301
5301
5300
5302
5303
5304
5304
5305
5304
5305
5306
5308
5309
5308
5310
5311
5312
5312
5313
5313
5314
5315
5316
5318
5319
5319
5321
5322
5322
5322
5323
5323
5324
5324
5324
5324
5324
5324
5324
5325
5326
5328
5329
5330
5331
5332
5334
5335
5335
5336
5336
5338
5340
5342
5343
5343
5345
5346
5347
5348
5348
5347
5348
5348
5350
5351
5351
5351
5351
5352
5354
5354
5353
5353
5353
5353
5354
5354
5354
5355
5356
5356
5357
5357
5358
5358
5360
5361
5362
5363
5363
5364
5365
5366
5366
5367
5367
5367
5368
5369
5369
5370
5370
5369
5369
5369
5369
5369
5371
5371
5371
5371
5371
5372
5373
5375
5377
5378
5379
5379
5379
5380
5380
5380
5380
5381
5381
5382
5383
5384
5383
5383
5384
5384
5385
5386
5387
5387
5387
5387
5387
5388
5388
5388
5389
5389
5389
5390
5390
5392
5393
5393
5393
5393
5394
5395
5394
5395
5395
5397
5398
5398
5398
5399
5400
5400
5401
5402
5402
5403
5404
5404
5404
5404
5404
5405
5405
5406
5407
5407
5407
5408
5408
5408
5409
5409
5411
5412
5412
5412
5412
5413
5413
5413
5413
5414
5414
5414
5414
5414
5415
5415
5417
5419
5419
5419
5420
5420
5421
5421
5422
5423
5424
5426
5426
5426
5428
5429
5431
5432
5432
5433
5433
5434
5435
5437
5438
5441
5442
5443
5444
5445
5445
5446
5446
5446
5447
5448
5449
5449
5450
5451
5451
5452
5453
5453
5454
5456
5457
5459
5460
5461
5461
5463
5464
5464
5465
5466
5467
5467
5467
5467
5467
5467
5467
5468
5468
5469
5469
5470
5471
5472
5473
5474
5474
5474
5475
5476
5477
5477
5478
5478
5479
5479
5480
5480
5482
5483
5483
5483
5484
5485
5485
5485
5485
5485
5485
5486
5487
5487
5489
5490
5490
5492
5492
5492
5494
5495
5496
5496
5497
5498
5497
5497
5498
5498
5499
5499
5500
5501
5501
5501
5502
5503
5504
5505
5505
5506
5506
5506
5506
5507
5507
5508
5508
5509
5510
5510
5510
5510
5510
5511
5512
5512
5513
5515
5515
5514
5516
5517
5517
5517
5518
5518
5519
5519
5519
5520
5520
5520
5520
5521
5521
5522
5523
5524
5525
5525
5525
5526
5526
5526
5526
5527
5527
5527
5528
5528
5529
5531
5531
5531
5531
5531
5531
5531
5532
5533
5534
5534
5534
5534
5534
5534
5535
5536
5536
5537
5538
5539
5541
5542
5543
5543
5543
5543
5543
5545
5546
5546
5546
5546
5546
5546
5547
5547
5547
5547
5547
5547
5547
5549
5550
5550
5549
5549
5549
5550
5550
5551
5551
5551
5551
5553
5555
5557
5557
5557
5557
5558
5559
5560
5561
5561
5561
5561
5561
5561
5561
5563
5565
5565
5567
5567
5567
5566
5567
5567
5568
5568
5569
5569
5570
5571
5572
5573
5573
5574
5576
5575
5576
5576
5576
5576
5576
5577
5579
5579
5580
5580
5580
5582
5582
5582
5583
5584
5586
5585
5587
5588
5589
5589
5590
5591
5592
5594
5594
5596
5597
5597
5597
5596
5596
5597
5597
5598
5600
5599
5600
5601
5601
5601
5603
5605
5607
5608
5609
5608
5609
5609
5609
5609
5609
5609
5609
5611
5613
5614
5616
5617
5618
5619
5619
5621
5622
5622
5623
5624
5624
5624
5624
5625
5626
5627
5627
5628
5628
5628
5629
5630
5630
5632
5632
5632
5634
5636
5636
5637
5638
5639
5640
5641
5643
5644
5644
5644
5646
5647
5647
5648
5648
5648
5648
5650
5652
5653
5654
5653
5653
5653
5654
5655
5657
5658
5658
5659
5660
5661
5663
5664
5665
5666
5666
5666
5668
5670
5672
5672
5673
5674
5674
5674
5675
5676
5676
5678
5679
5679
5680
5680
5680
5680
5681
5683
5684
5685
5685
5685
5686
5687
5689
5689
5690
5691
5691
5693
5693
5695
5695
5697
5697
5698
5699
5700
5700
5700
5702
5703
5703
5703
5704
5705
5706
5706
5706
5706
5707
5708
5709
5710
5710
5710
5710
5710
5710
5710
5710
5712
5713
5715
5717
5719
5720
5721
5722
5722
5722
5722
5724
5725
5726
5726
5727
5728
5728
5729
5729
5730
5731
5733
5733
5733
5733
5733
5735
5736
5738
5738
5737
5739
5739
5739
5741
5742
5741
5740
5740
5740
5742
5742
5742
5741
5742
5741
5741
5742
5742
5742
5742
5742
5742
5743
5743
5743
5744
5745
5746
5746
5746
5747
5747
5747
5749
5749
5748
5748
5749
5751
5752
5752
5752
5752
5752
5752
5753
5753
5753
5755
5755
5755
5755
5756
5756
5756
5757
5758
5759
5760
5760
5760
5761
5762
5764
5765
5765
5764
5764
5763
5764
5764
5766
5765
5765
5765
5765
5765
5765
5764
5763
5763
5764
5764
5765
5766
5767
5768
5769
5768
5768
5768
5767
5767
5767
5767
5767
5767
5767
5767
5767
5769
5771
5772
5773
5774
5773
5774
5774
5774
5774
5775
5775
5775
5777
5777
5779
5780
5781
5783
5785
5786
5787
5787
5787
5787
5789
5789
5790
5790
5790
5792
5794
5796
5797
5797
5798
5797
5797
5799
5798
5798
5798
5798
5799
5799
5801
5802
5802
5802
5802
5804
5806
5808
5808
5808
5807
5807
5807
5807
5807
5806
5806
5806
5806
5807
5807
5806
5806
5806
5807
5807
5808
5809
5809
5809
5809
5810
5810
5810
5811
5811
5810
5810
5809
5811
5811
5811
5812
5813
5814
5814
5814
5814
5814
5814
5815
5816
5816
5817
5817
5817
5818
5817
5816
5816
5817
5817
5819
5819
5819
5820
5821
5821
5822
5822
5822
5824
5825
5825
5825
5827
5827
5828
5828
5829
5829
5829
5829
5831
5832
5833
5834
5834
5835
5835
5836
5837
5839
5840
5842
5843
5844
5844
5844
5844
5846
5848
5848
5849
5849
5849
5850
5851
5852
5852
5853
5854
5855
5856
5857
5858
5858
5858
5858
5859
5859
5859
5860
5860
5860
5861
5861
5862
5863
5863
5864
5864
5864
5866
5867
5868
5869
5869
5870
5871
5871
5872
5872
5873
5874
5875
5875
5876
5877
5877
5879
5879
5880
5880
5881
5882
5883
5884
5885
5885
5885
5886
5887
5888
5888
5888
5889
5891
5892
5893
5894
5894
5895
5896
5897
5897
5898
5898
5899
5900
5901
5902
5903
5903
5904
5905
5906
5907
5908
5909
5910
5911
5911
5912
5913
5914
5915
5916
5916
5917
5918
5919
5920
5920
5921
5922
5925
5925
5926
5926
5927
5928
5929
5930
5931
5931
5932
5933
5934
5934
5935
5936
5937
5938
5938
5938
5939
5940
5941
5942
5943
5944
5945
5945
5946
5947
5947
5947
5948
5949
5950
5951
5951
5951
5952
5953
5954
5955
5956
5958
5959
5960
5960
5961
5963
5964
5965
5966
5967
5968
5969
5970
5970
5971
5972
5974
5974
5974
5975
5976
5978
5979
5980
5980
5980
5981
5982
5982
5982
5984
5985
5985
5985
5987
5988
5990
5992
5994
5995
5996
5997
5998
5999
6000
6001
6003
6004
6004
6005
6005
6007
6008
6009
6011
6011
6011
6012
6014
6015
6017
6017
6017
6018
6019
6021
6021
6023
6024
6024
6025
6025
6025
6027
6028
6028
6029
6030
6031
6032
6034
6035
6035
6037
6038
6038
6039
6040
6041
6041
6042
6043
6044
6045
6046
6046
6046
6046
6048
6049
6050
6051
6052
6054
6055
6056
6057
6057
6057
6058
6059
6060
6060
6060
6061
6061
6063
6064
6064
6066
6067
6068
6069
6070
6070
6070
6070
6072
6072
6074
6075
6076
6077
6078
6080
6080
6080
6081
6082
6082
6084
6086
6087
6088
6089
6089
6090
6092
6093
6093
6094
6095
6095
6096
6097
6097
6098
6099
6100
6100
6102
6103
6103
6105
6106
6107
6109
6110
6110
6111
6112
6112
6113
6115
6116
6117
6118
6119
6119
6121
6123
6124
6125
6126
6127
6128
6128
6128
6129
6130
6131
6133
6134
6134
6134
6135
6135
6136
6136
6136
6137
6138
6140
6141
6142
6143
6143
6144
6145
6146
6147
6148
6149
6150
6150
6150
6152
6152
6152
6154
6154
6154
6155
6156
6157
6158
6158
6159
6160
6161
6162
6163
6163
6163
6165
6167
6168
6170
6170
6171
6173
6175
6176
6176
6177
6179
6180
6182
6184
6184
6185
6186
6187
6188
6188
6190
6190
6192
6193
6193
6194
6195
6195
6196
6197
6198
6198
6199
6199
6200
6200
6200
6201
6202
6202
6204
6205
6206
6207
6208
6210
6211
6211
6212
6214
6215
6216
6216
6216
6216
6216
6218
6219
6221
6222
6224
6224
6225
6226
6226
6227
6227
6228
6230
6230
6231
6232
6233
6234
6235
6235
6236
6237
6238
6238
6239
6240
6241
6242
6243
6244
6244
6246
6247
6247
6247
6247
6247
6247
6248
6250
6250
6252
6253
6254
6256
6257
6258
6259
6259
6260
6261
6261
6262
6262
6262
6263
6265
6266
6267
6268
6269
6270
6271
6273
6273
6273
6274
6275
6276
6277
6278
6279
6279
6280
6281
6281
6281
6282
6284
6286
6287
6288
6289
6289
6290
6292
6293
6295
6297
6298
6300
6301
6301
6301
6301
6302
6304
6305
6305
6306
6307
6308
6309
6309
6312
6312
6312
6313
6313
6314
6315
6316
6316
6317
6318
6319
6319
6319
6320
6321
6322
6323
6324
6324
6324
6325
6327
6328
6329
6330
6331
6332
6332
6333
6334
6334
6334
6336
6337
6338
6339
6340
6342
6343
6344
6345
6345
6346
6346
6346
6347
6348
6348
6348
6349
6350
6351
6352
6354
6356
6357
6358
6359
6359
6360
6361
6362
6363
6363
6363
6365
6366
6366
6367
6367
6367
6368
6370
6371
6371
6371
6372
6372
6372
6373
6373
6375
6376
6378
6379
6380
6381
6381
6383
6384
6386
6387
6387
6389
6390
6391
6391
6392
6393
6395
6397
6397
6398
6399
6400
6402
6403
6403
6404
6406
6406
6408
6409
6410
6411
6411
6411
6412
6414
6415
6417
6418
6421
6421
6421
6422
6423
6424
6425
6426
6428
6428
6428
6429
6431
6432
6433
6434
6434
6435
6436
6437
6438
6439
6440
6442
6443
6443
6443
6446
6447
6448
6449
6451
6452
6454
6455
6456
6456
6458
6460
6460
6462
6462
6462
6463
6465
6467
6468
6469
6470
6470
6471
6471
6472
6473
6473
6474
6475
6476
6476
6477
6478
6479
6480
6481
6482
6483
6484
6484
6486
6488
6490
6491
6491
6492
6493
6493
6493
6493
6494
6496
6497
6498
6499
6500
6500
6501
6501
6502
6503
6505
6505
6505
6505
6506
6507
6508
6509
6509
6509
6511
6512
6513
6514
6515
6516
6518
6518
6519
6519
6519
6520
6521
6521
6521
6522
6523
6523
6524
6525
6527
6528
6529
6530
6530
6531
6532
6532
6533
6534
6534
6534
6536
6538
6539
6541
6543
6544
6545
6545
6546
6547
6548
6549
6551
6551
6552
6553
6554
6555
6555
6556
6556
6556
6557
6558
6559
6560
6560
6561
6561
6561
6562
6563
6564
6564
6565
6568
6569
6569
6569
6570
6571
6571
6571
6571
6572
6573
6574
6574
6575
6576
6577
6578
6579
6579
6579
6580
6580
6581
6583
6584
6585
6586
6586
6588
6590
6591
6591
6592
6592
6594
6595
6595
6595
6596
6596
6596
6597
6598
6600
6601
6601
6602
6603
6604
6605
6606
6607
6609
6610
6611
6613
6615
6617
6619
6620
6621
6623
6624
6625
6625
6626
6627
6628
6629
6630
6631
6632
6632
6631
6632
6633
6634
6634
6635
6637
6637
6638
6639
6639
6639
6639
6641
6642
6644
6646
6646
6647
6649
6651
6651
6652
6653
6653
6654
6656
6657
6658
6658
6660
6661
6661
6662
6664
6664
6665
6665
6666
6667
6669
6671
6672
6673
6674
6676
6677
6678
6680
6681
6682
6682
6684
6685
6685
6686
6687
6687
6688
6689
6689
6690
6692
6694
6694
6694
6696
6698
6699
6700
6701
6702
6703
6704
6705
6705
6706
6707
6708
6709
6709
6711
6711
6711
6711
6712
6714
6715
6717
6717
6717
6718
6720
6721
6721
6722
6724
6724
6726
6727
6728
6730
6730
6730
6731
6732
6734
6736
6737
6737
6738
6739
6739
6740
6742
6743
6744
6746
6747
6748
6748
6748
6749
6749
6749
6751
6751
6751
6751
6753
6754
6754
6754
6754
6754
6755
6757
6757
6757
6758
6759
6759
6760
6761
6762
6762
6763
6764
6764
6765
6767
6767
6769
6770
6771
6772
6773
6773
6774
6775
6777
6778
6778
6778
6780
6781
6782
6782
6782
6784
6786
6787
6788
6788
6788
6789
6790
6791
6792
6792
6793
6793
6794
6795
6795
6795
6795
6796
6797
6797
6797
6797
6799
6799
6800
6800
6801
6802
6803
6804
6804
6805
6806
6807
6808
6810
6809
6808
6809
6810
6810
6811
6813
6813
6814
6814
6815
6816
6817
6817
6818
6818
6820
6822
6823
6824
6825
6826
6827
6827
6828
6828
6829
6828
6830
6832
6832
6833
6835
6836
6836
6837
6838
6838
6839
6840
6841
6842
6842
6842
6844
6846
6846
6847
6848
6848
6849
6851
6852
6853
6854
6856
6856
6856
6858
6859
6859
6860
6860
6860
6861
6862
6863
6864
6866
6867
6868
6868
6868
6869
6870
6871
6871
6872
6873
6874
6874
6874
6875
6877
6878
6878
6879
6879
6880
6882
6883
6884
6884
6884
6884
6885
6887
6888
6889
6889
6890
6890
6890
6891
6891
6891
6892
6892
6893
6895
6897
6898
6900
6901
6902
6903
6905
6907
6907
6909
6909
6910
6911
6913
6914
6914
6915
6916
6917
6917
6919
6920
6920
6921
6922
6923
6923
6923
6924
6925
6925
6927
6927
6929
6929
6930
6932
6933
6933
6935
6936
6937
6938
6938
6939
6940
6942
6944
6944
6945
6947
6948
6948
6949
6950
6951
6951
6952
6953
6955
6956
6956
6958
6960
6961
6961
6962
6962
6963
6964
6964
6965
6965
6965
6966
6967
6968
6969
6969
6970
6972
6972
6973
6975
6976
6978
6978
6979
6980
6980
6981
6983
6983
6984
6985
6986
6986
6988
6988
6989
6989
6990
6992
6993
6994
6994
6995
6996
6996
6997
6998
6999
6999
6999
7000
7001
7002
7002
7002
7004
7005
7006
7007
7008
7008
7009
7010
7010
7010
7010
7011
7012
7013
7013
7013
7015
7015
7016
7016
7016
7017
7019
7019
7020
7020
7020
7021
7021
7022
7023
7024
7025
7026
7026
7028
7028
7029
7029
7029
7031
7031
7033
7035
7036
7036
7037
7038
7038
7038
7039
7039
7039
7039
7040
7042
7043
7045
7045
7045
7045
7046
7046
7046
7046
7047
7047
7047
7048
7049
7049
7050
7051
7051
7052
7053
7054
7055
7056
7056
7056
7058
7058
7059
7059
7059
7060
7061
7062
7062
7063
7063
7064
7065
7066
7067
7067
7067
7067
7068
7068
7069
7070
7072
7072
7073
7073
7074
7074
7075
7076
7078
7080
7081
7081
7082
7083
7084
7084
7084
7084
7085
7086
7086
7088
7089
7090
7091
7092
7094
7094
7094
7095
7096
7097
7098
7099
7100
7100
7102
7103
7104
7105
7107
7108
7108
7108
7109
7109
7111
7111
7112
7113
7114
7114
7115
7116
7117
7119
7120
7120
7121
7122
7123
7124
7124
7124
7126
7127
7128
7128
7130
7130
7131
7133
7134
7135
7137
7137
7138
7138
7139
7139
7140
7141
7142
7144
7145
7146
7147
7148
7149
7150
7152
7152
7154
7154
7155
7155
7155
7156
7157
7158
7159
7160
7160
7162
7164
7164
7164
7165
7165
7165
7166
7167
7168
7168
7169
7169
7169
7170
7171
7171
7172
7172
7172
7174
7175
7175
7176
7177
7177
7178
7178
7180
7180
7182
7182
7183
7183
7184
7184
7185
7187
7188
7189
7190
7190
7191
7193
7194
7194
7194
7195
7196
7196
7196
7197
7198
7200
7201
7202
7202
7203
7204
7204
7204
7205
7205
7206
7208
7208
7209
7209
7209
7210
7210
7212
7212
7213
7215
7215
7217
7218
7219
7220
7221
7223
7224
7225
7225
7227
7228
7228
7228
7229
7230
7231
7232
7232
7232
7233
7235
7237
7238
7239
7241
7243
7244
7245
7246
7247
7248
7249
7250
7252
7252
7253
7254
7255
7256
7257
7258
7258
7259
7259
7260
7260
7261
7261
7261
7262
7262
7264
7265
7265
7267
7268
7269
7270
7271
7273
7274
7275
7276
7277
7277
7277
7279
7279
7280
7280
7280
7282
7282
7284
7285
7286
7288
7288
7290
7290
7290
7292
7293
7293
7294
7294
7295
7296
7296
7298
7299
7299
7300
7301
7301
7302
7303
7304
7304
7304
7304
7306
7307
7307
7308
7309
7310
7311
7311
7312
7314
7314
7314
7315
7316
7316
7318
7320
7321
7323
7324
7326
7327
7328
7328
7328
7330
7331
7332
7332
7332
7332
7333
7334
7336
7337
7337
7338
7338
7339
7341
7343
7344
7345
7345
7345
7346
7346
7348
7349
7350
7350
7351
7352
7353
7353
7355
7355
7357
7357
7359
7359
7360
7360
7361
7363
7363
7364
7365
7366
7368
7369
7369
7370
7372
7373
7375
7375
7376
7376
7378
7379
7380
7381
7382
7384
7384
7384
7385
7385
7387
7387
7387
7388
7388
7389
7390
7391
7392
7393
7394
7395
7395
7395
7394
7396
7398
7398
7398
7399
7399
7400
7401
7401
7401
7402
7403
7405
7406
7407
7408
7409
7410
7411
7412
7412
7413
7415
7416
7417
7418
7418
7419
7420
7421
7422
7422
7423
7424
7424
7424
7424
7426
7427
7427
7427
7429
7431
7431
7433
7435
7436
7437
7438
7440
7440
7441
7442
7442
7442
7442
7443
7445
7446
7448
7450
7451
7452
7453
7454
7455
7455
7456
7457
7458
7459
7461
7462
7463
7464
7464
7465
7466
7467
7467
7468
7469
7469
7469
7470
7470
7471
7472
7473
7475
7475
7475
7476
7477
7480
7481
7481
7482
7483
7484
7484
7484
7485
7487
7487
7488
7490
7491
7491
7492
7492
7492
7493
7493
7493
7495
7495
7496
7496
7497
7498
7498
7498
7499
7499
7501
7501
7501
7503
7504
7506
7507
7508
7510
7510
7512
7513
7515
7515
7515
7515
7516
7517
7517
7519
7519
7520
7521
7523
7524
7524
7525
7525
7526
7526
7526
7528
7530
7531
7533
7533
7533
7534
7535
7536
7537
7537
7537
7538
7539
7540
7540
7541
7542
7543
7544
7545
7546
7547
7548
7549
7550
7550
7552
7552
7552
7554
7555
7556
7557
7558
7559
7560
7562
7563
7564
7564
7564
7565
7565
7565
7566
7567
7568
7570
7570
7571
7573
7574
7574
7576
7577
7578
7580
7582
7582
7582
7583
7583
7583
7583
7583
7583
7585
7585
7587
7588
7589
7589
7590
7591
7592
7593
7593
7593
7593
7593
7593
7593
7594
7594
7595
7595
7595
7597
7597
7597
7599
7600
7602
7602
7603
7604
7605
7606
7606
7606
7606
7607
7608
7609
7609
7611
7612
7612
7612
7614
7615
7616
7616
7617
7618
7620
7620
7620
7620
7620
7620
7621
7623
7624
7625
7626
7626
7627
7628
7628
7629
7629
7630
7631
7631
7632
7633
7634
7635
7636
7637
7638
7638
7639
7640
7641
7642
7643
7643
7644
7645
7646
7647
7648
7648
7649
7650
7652
7653
7653
7654
7655
7655
7656
7656
7657
7658
7659
7660
7660
7660
7662
7662
7664
7665
7666
7667
7668
7669
7670
7671
7673
7674
7674
7674
7675
7675
7676
7677
7678
7678
7678
7679
7681
7682
7683
7684
7684
7686
7686
7687
7686
7687
7688
7689
7689
7689
7689
7691
7693
7695
7695
7696
7696
7697
7697
7698
7699
7700
7700
7701
7701
7701
7702
7702
7702
7703
7705
7706
7706
7707
7707
7708
7709
7710
7711
7711
7711
7712
7714
7715
7715
7716
7717
7718
7719
7720
7721
7723
7725
7725
7726
7727
7729
7730
7730
7732
7733
7734
7734
7736
7737
7738
7738
7739
7739
7739
7739
7740
7741
7742
7742
7743
7744
7744
7745
7746
7748
7749
7749
7749
7751
7753
7754
7754
7755
7756
7756
7757
7758
7759
7759
7760
7761
7762
7762
7764
7765
7765
7765
7766
7767
7769
7770
7771
7771
7771
7771
7772
7773
7774
7774
7774
7774
7776
7777
7778
7779
7779
7780
7780
7780
7780
7782
7784
7784
7785
7785
7785
7786
7786
7787
7788
7790
7791
7791
7791
7792
7794
7795
7796
7796
7796
7797
7798
7799
7801
7802
7802
7802
7804
7805
7806
7806
7807
7807
7808
7809
7810
7811
7812
7812
7812
7812
7814
7815
7816
7817
7817
7818
7818
7818
7820
7820
7821
7822
7824
7824
7825
7827
7828
7828
7828
7830
7831
7832
7833
7834
7835
7836
7837
7837
7837
7839
7841
7843
7843
7844
7844
7844
7846
7848
7848
7849
7849
7850
7851
7852
7853
7853
7854
7855
7855
7856
7857
7857
7859
7860
7861
7862
7863
7863
7864
7865
7865
7866
7867
7868
7868
7870
7871
7872
7872
7873
7873
7874
7875
7876
7877
7878
7880
7880
7881
7881
7881
7882
7882
7882
7882
7882
7883
7884
7885
7886
7887
7888
7888
7889
7889
7890
7892
7892
7893
7894
7895
7896
7897
7897
7899
7900
7900
7902
7903
7905
7906
7907
7908
7909
7910
7910
7910
7912
7913
7913
7915
7916
7917
7919
7919
7919
7920
7922
7923
7924
7925
7927
7928
7929
7929
7929
7930
7930
7931
7931
7933
7933
7934
7935
7935
7937
7938
7939
7940
7940
7941
7941
7942
7942
7942
7942
7942
7942
7944
7946
7947
7948
7950
7950
7950
7950
7950
7950
7951
7952
7954
7954
7955
7956
7956
7957
7959
7960
7961
7962
7962
7963
7963
7963
7964
7966
7967
7969
7970
7970
7970
7971
7971
7972
7972
7973
7975
7975
7977
7978
7979
7980
7982
7983
7983
7984
7986
7986
7987
7988
7988
7988
7989
7990
7990
7990
7992
7992
7992
7993
7993
7995
7996
7996
7998
7999
8000
8002
8003
8003
8004
8006
8007
8007
8007
8007
8009
8010
8011
8011
8012
8013
8014
8015
8015
8015
8015
8016
8018
8019
8019
8020
8021
8022
8023
8024
8024
8026
8027
8027
8027
8028
8029
8030
8031
8032
8034
8035
8036
8038
8039
8040
8040
8041
8042
8043
8043
8043
8044
8045
8045
8045
8047
8048
8048
8049
8051
8053
8053
8054
8055
8056
8056
8056
8057
8057
8057
8058
8060
8060
8060
8062
8062
8063
8063
8064
8065
8065
8065
8067
8068
8069
8069
8071
8072
8073
8073
8073
8074
8074
8074
8074
8075
8076
8078
8079
8079
8080
8080
8080
8081
8081
8081
8083
8084
8086
8086
8087
8087
8089
8089
8089
8090
8091
8093
8093
8094
8094
8094
8095
8095
8095
8097
8097
8098
8099
8100
8101
8101
8103
8103
8103
8103
8103
8104
8105
8105
8106
8107
8109
8110
8111
8112
8114
8115
8115
8116
8117
8117
8118
8118
8119
8119
8119
8120
8120
8122
8122
8122
8123
8123
8123
8123
8124
8124
8124
8124
8125
8126
8126
8127
8128
8129
8130
8132
8133
8133
8134
8136
8138
8138
8138
8139
8140
8142
8143
8144
8145
8145
8146
8146
8149
8151
8151
8151
8152
8152
8153
8154
8155
8155
8156
8157
8157
8158
8158
8160
8161
8161
8161
8162
8164
8165
8166
8167
8167
8168
8170
8171
8172
8173
8174
8174
8175
8177
8177
8178
8179
8180
8182
8183
8184
8185
8185
8186
8188
8188
8188
8189
8190
8192
8192
8193
8194
8195
8197
8198
8199
8199
8200
8200
8202
8202
8202
8204
8205
8207
8208
8209
8209
8211
8212
8212
8212
8213
8213
8213
8214
8215
8216
8216
8217
8218
8219
8219
8220
8221
8222
8223
8223
8225
8225
8226
8226
8226
8226
8228
8229
8230
8230
8231
8232
8233
8233
8234
8235
8237
8238
8239
8240
8241
8242
8243
8244
8245
8246
8248
8248
8249
8250
8251
8253
8253
8254
8255
8255
8257
8257
8259
8261
8261
8262
8262
8263
8264
8266
8267
8268
8269
8271
8272
8273
8274
8274
8275
8277
8278
8279
8279
8280
8281
8282
8283
8285
8285
8286
8287
8289
8289
8289
8289
8289
8291
8292
8294
8295
8296
8297
8298
8298
8298
8300
8300
8300
8302
8302
8303
8305
8305
8305
8306
8306
8307
8309
8311
8311
8311
8312
8313
8313
8314
8315
8317
8317
8317
8318
8318
8319
8320
8322
8324
8324
8325
8325
8326
8328
8329
8330
8330
8332
8332
8333
8334
8335
8336
8336
8337
8337
8338
8338
8339
8340
8340
8342
8343
8344
8346
8347
8347
8347
8347
8348
8348
8349
8349
8349
8350
8351
8353
8353
8354
8355
8356
8358
8359
8359
8359
8361
8361
8362
8363
8364
8364
8365
8366
8368
8369
8370
8372
8373
8373
8374
8375
8375
8375
8376
8377
8377
8377
8378
8378
8379
8380
8381
8381
8382
8384
8385
8386
8387
8387
8388
8388
8389
8390
8391
8391
8392
8394
8395
8395
8396
8398
8398
8399
8400
8401
8402
8403
8404
8405
8405
8405
8406
8407
8408
8408
8409
8410
8412
8412
8413
8414
8416
8417
8418
8418
8419
8420
8420
8421
8423
8425
8426
8427
8428
8429
8429
8429
8430
8431
8431
8433
8434
8436
8438
8439
8440
8440
8440
8440
8440
8441
8443
8444
8444
8445
8446
8446
8447
8448
8449
8450
8451
8452
8452
8453
8453
8453
8454
8454
8454
8455
8456
8457
8457
8457
8458
8458
8458
8458
8459
8459
8459
8459
8460
8460
8461
8461
8462
8464
8465
8466
8467
8468
8469
8469
8470
8470
8472
8474
8474
8474
8475
8476
8476
8476
8478
8479
8479
8480
8480
8481
8483
8484
8486
8487
8488
8489
8489
8489
8489
8490
8491
8492
8493
8494
8494
8495
8495
8497
8498
8498
8499
8499
8501
8502
8503
8503
8504
8504
8505
8507
8507
8507
8508
8510
8511
8513
8514
8514
8515
8516
8516
8517
8517
8517
8518
8520
8520
8520
8521
8522
8522
8522
8523
8523
8524
8524
8526
8527
8528
8528
8528
8528
8528
8529
8529
8529
8530
8532
8532
8533
8533
8534
8535
8535
8535
8535
8536
8538
8538
8539
8539
8539
8540
8540
8540
8542
8543
8544
8545
8546
8547
8547
8548
8549
8549
8550
8550
8551
8553
8554
8554
8554
8556
8558
8558
8560
8560
8560
8560
8561
8562
8563
8564
8564
8564
8565
8566
8566
8566
8568
8569
8570
8570
8570
8571
8572
8573
8574
8574
8575
8576
8576
8577
8579
8579
8580
8580
8580
8581
8582
8583
8584
8585
8585
8585
8586
8586
8587
8587
8586
8587
8588
8588
8589
8590
8591
8592
8592
8594
8594
8595
8596
8597
8598
8599
8600
8600
8601
8602
8602
8603
8603
8604
8604
8604
8606
8607
8608
8609
8610
8610
8610
8612
8613
8613
8614
8615
8615
8616
8617
8618
8618
8619
8619
8620
8621
8621
8622
8622
8623
8624
8624
8624
8624
8625
8624
8624
8625
8626
8627
8627
8628
8630
8630
8631
8631
8632
8634
8634
8636
8637
8637
8637
8638
8638
8639
8640
8642
8642
8642
8642
8643
8644
8644
8645
8647
8649
8650
8650
8650
8650
8651
8652
8652
8653
8654
8654
8655
8656
8657
8658
8659
8660
8661
8662
8663
8663
8664
8665
8665
8667
8667
8668
8668
8669
8670
8670
8670
8670
8671
8672
8672
8673
8674
8676
8677
8677
8679
8679
8679
8679
8680
8680
8682
8683
8684
8684
8684
8685
8685
8686
8686
8686
8688
8689
8690
8690
8691
8691
8693
8693
8693
8693
8693
8694
8695
8697
8698
8698
8699
8699
8700
8702
8702
8703
8703
8704
8706
8707
8708
8709
8710
8710
8712
8713
8714
8715
8715
8717
8718
8719
8720
8720
8720
8721
8721
8721
8722
8722
8722
8723
8723
8725
8726
8727
8728
8728
8730
8731
8733
8734
8734
8735
8735
8736
8736
8737
8738
8739
8740
8741
8742
8744
8746
8746
8746
8747
8747
8749
8749
8751
8752
8753
8754
8755
8755
8755
8756
8757
8757
8757
8758
8759
8759
8760
8762
8764
8764
8765
8766
8767
8768
8768
8770
8771
8772
8772
8773
8773
8775
8776
8777
8777
8777
8778
8779
8780
8782
8783
8785
8787
8788
8788
8789
8790
8791
8792
8794
8794
8794
8794
8796
8796
8797
8799
8799
8800
8800
8800
8801
8802
8803
8804
8806
8806
8807
8808
8810
8811
8811
8811
8812
8813
8814
8814
8814
8816
8817
8817
8818
8819
8820
8821
8822
8823
8825
8826
8827
8828
8829
8829
8830
8830
8831
8831
8832
8832
8832
8832
8833
8833
8833
8834
8834
8835
8836
8836
8836
8836
8836
8836
8837
8837
8838
8839
8840
8841
8841
8842
8842
8844
8845
8845
8846
8847
8848
8848
8849
8849
8849
8850
8851
8852
8853
8854
8855
8855
8855
8855
8855
8856
8857
8858
8860
8861
8862
8862
8862
8863
8864
8865
8865
8866
8867
8867
8867
8869
8869
8870
8872
8872
8873
8874
8875
8875
8877
8879
8879
8879
8881
8882
8882
8882
8882
8882
8882
8884
8884
8884
8885
8885
8887
8888
8889
8889
8890
8891
8892
8893
8893
8894
8896
8897
8898
8900
8901
8902
8903
8903
8904
8904
8905
8905
8906
8906
8906
8907
8908
8909
8909
8910
8911
8911
8911
8912
8914
8914
8915
8915
8917
8918
8918
8918
8919
8919
8921
8923
8924
8925
8925
8926
8927
8927
8927
8928
8929
8930
8931
8931
8932
8934
8934
8935
8937
8938
8938
8940
8941
8943
8945
8945
8946
8947
8947
8948
8949
8950
8951
8952
8953
8954
8954
8954
8955
8955
8957
8958
8958
8958
8958
8959
8959
8960
8962
8964
8965
8965
8967
8968
8969
8969
8970
8971
8973
8974
8974
8975
8977
8978
8978
8979
8979
8979
8979
8980
8980
8981
8981
8981
8983
8984
8984
8984
8985
8985
8986
8987
8987
8988
8989
8989
8989
8991
8991
8993
8994
8994
8995
8997
8998
8998
8998
8999
9000
9001
9001
9001
9001
9003
9004
9005
9005
9006
9007
9008
9010
9010
9012
9012
9013
9013
9013
9014
9015
9016
9017
9018
9018
9019
9019
9020
9021
9021
9022
9023
9025
9025
9026
9027
9028
9030
9030
9030
9031
9031
9033
9035
9036
9036
9036
9037
9038
9039
9040
9040
9041
9042
9043
9043
9044
9045
9045
9045
9046
9047
9047
9049
9049
9049
9049
9050
9050
9052
9053
9053
9055
9056
9057
9059
9060
9060
9060
9060
9060
9060
9061
9062
9063
9065
9066
9066
9067
9067
9068
9068
9069
9070
9072
9073
9074
9075
9075
9076
9077
9078
9079
9079
9079
9080
9081
9082
9083
9083
9083
9084
9086
9088
9090
9090
9091
9091
9092
9092
9093
9094
9094
9094
9095
9096
9096
9096
9097
9097
9097
9098
9099
9099
9100
9101
9102
9103
9103
9103
9104
9106
9106
9107
9108
9109
9110
9110
9112
9114
9115
9115
9115
9115
9116
9116
9116
9117
9118
9119
9119
9119
9119
9119
9120
9120
9121
9123
9123
9123
9123
9124
9125
9126
9127
9129
9130
9130
9130
9130
9131
9133
9133
9134
9134
9134
9134
9135
9136
9136
9137
9138
9138
9139
9140
9141
9142
9143
9145
9146
9146
9146
9147
9148
9148
9148
9149
9150
9150
9151
9152
9153
9155
9155
9157
9157
9157
9158
9159
9159
9160
9162
9164
9165
9166
9167
9167
9168
9169
9170
9171
9171
9173
9173
9173
9174
9175
9175
9175
9176
9178
9178
9180
9180
9180
9181
9182
9183
9184
9184
9185
9187
9187
9187
9188
9190
9190
9190
9191
9193
9193
9193
9193
9194
9195
9195
9197
9197
9197
9198
9198
9198
9200
9201
9202
9204
9205
9206
9208
9208
9208
9208
9209
9209
9210
9212
9214
9215
9216
9217
9217
9217
9218
9219
9220
9221
9222
9223
9223
9223
9223
9223
9223
9224
9224
9225
9225
9225
9227
9228
9228
9228
9228
9229
9230
9231
9232
9232
9233
9233
9233
9233
9234
9234
9234
9235
9236
9237
9238
9238
9238
9239
9240
9241
9242
9242
9242
9243
9243
9244
9244
9246
9247
9248
9249
9251
9251
9252
9253
9253
9253
9253
9254
9254
9254
9255
9256
9257
9257
9257
9257
9258
9258
9260
9261
9261
9262
9262
9262
9263
9263
9263
9263
9265
9265
9266
9266
9267
9268
9268
9269
9269
9269
9271
9271
9272
9273
9274
9275
9275
9277
9277
9278
9279
9280
9282
9282
9282
9282
9282
9282
9282
9283
9284
9285
9286
9286
9286
9287
9287
9289
9290
9291
9291
9291
9292
9292
9294
9295
9295
9296
9296
9296
9296
9297
9298
9299
9299
9300
9300
9300
9301
9303
9304
9304
9304
9305
9306
9307
9307
9307
9308
9309
9310
9310
9311
9311
9312
9312
9314
9316
9318
9320
9321
9321
9321
9322
9322
9322
9323
9324
9325
9325
9326
9326
9327
9328
9329
9329
9331
9332
9332
9333
9334
9334
9336
9336
9337
9339
9340
9341
9342
9342
9343
9344
9345
9345
9345
9346
9346
9347
9347
9348
9348
9349
9349
9349
9350
9350
9350
9351
9352
9353
9354
9354
9356
9356
9358
9360
9361
9361
9363
9363
9363
9363
9364
9366
9367
9369
9370
9370
9372
9372
9373
9373
9374
9376
9376
9377
9379
9380
9381
9382
9382
9382
9383
9383
9383
9383
9383
9384
9385
9386
9387
9387
9387
9388
9388
9389
9390
9390
9391
9391
9392
9393
9395
9395
9396
9396
9397
9397
9399
9400
9400
9401
9401
9402
9402
9403
9403
9404
9405
9406
9407
9409
9410
9410
9410
9411
9413
9414
9415
9415
9415
9415
9415
9417
9418
9419
9420
9422
9422
9422
9422
9424
9425
9425
9426
9426
9428
9428
9428
9429
9430
9430
9431
9432
9433
9435
9437
9437
9438
9439
9439
9441
9441
9442
9442
9442
9443
9444
9444
9445
9446
9447
9449
9449
9449
9449
9450
9452
9453
9453
9453
9453
9455
9455
9456
9456
9458
9458
9459
9459
9460
9460
9460
9462
9464
9464
9465
9466
9466
9466
9467
9467
9468
9469
9471
9472
9473
9474
9474
9475
9475
9475
9476
9476
9476
9477
9478
9479
9480
9481
9482
9482
9483
9484
9485
9485
9486
9488
9488
9489
9490
9491
9491
9491
9492
9493
9493
9495
9495
9496
9496
9496
9497
9499
9500
9500
9501
9503
9503
9504
9504
9505
9507
9508
9509
9509
9509
9509
9510
9510
9510
9510
9512
9514
9514
9514
9515
9516
9516
9516
9517
9518
9519
9521
9521
9522
9524
9525
9525
9526
9528
9528
9528
9528
9529
9530
9531
9531
9531
9532
9532
9534
9535
9537
9537
9537
9538
9538
9539
9540
9541
9542
9543
9544
9544
9544
9544
9545
9546
9546
9547
9547
9549
9550
9551
9552
9552
9552
9553
9554
9554
9554
9555
9555
9556
9557
9558
9558
9559
9560
9561
9561
9561
9562
9563
9564
9564
9564
9564
9564
9565
9566
9567
9568
9569
9571
9572
9573
9573
9573
9574
9575
9576
9576
9577
9578
9578
9578
9578
9578
9579
9579
9579
9579
9580
9581
9582
9583
9584
9585
9586
9587
9588
9589
9590
9590
9591
9591
9591
9592
9593
9593
9594
9594
9594
9594
9595
9596
9597
9597
9598
9599
9599
9600
9601
9601
9602
9602
9603
9603
9603
9603
9604
9605
9606
9608
9608
9608
9608
9610
9611
9611
9612
9612
9612
9613
9613
9613
9613
9614
9616
9616
9617
9618
9619
9621
9621
9622
9623
9623
9623
9624
9625
9627
9627
9627
9628
9628
9628
9629
9629
9630
9631
9632
9632
9633
9633
9633
9633
9634
9635
9635
9636
9637
9637
9637
9638
9639
9640
9640
9641
9642
9643
9643
9644
9645
9646
9647
9647
9647
9647
9647
9648
9648
9650
9650
9650
9650
9651
9651
9652
9654
9655
9655
9655
9655
9657
9658
9660
9660
9661
9663
9664
9665
9666
9666
9667
9668
9669
9670
9670
9671
9672
9673
9673
9674
9675
9676
9676
9676
9677
9678
9679
9680
9681
9682
9682
9683
9684
9684
9685
9686
9687
9688
9689
9690
9690
9691
9692
9693
9695
9695
9696
9697
9697
9697
9697
9697
9698
9699
9700
9701
9702
9702
9702
9703
9704
9705
9705
9705
9707
9708
9709
9710
9710
9710
9711
9712
9713
9714
9714
9714
9715
9715
9715
9716
9716
9717
9718
9719
9720
9721
9723
9723
9723
9726
9726
9728
9729
9729
9729
9730
9732
9732
9732
9732
9733
9733
9734
9735
9736
9736
9737
9738
9739
9739
9741
9741
9741
9742
9742
9743
9743
9744
9744
9744
9746
9746
9747
9748
9749
9749
9749
9749
9750
9751
9751
9752
9752
9754
9755
9756
9757
9760
9760
9761
9762
9762
9762
9762
9762
9762
9763
9764
9765
9765
9766
9766
9766
9766
9767
9767
9768
9768
9768
9768
9769
9771
9771
9773
9774
9774
9775
9775
9775
9775
9776
9776
9777
9778
9778
9779
9779
9780
9780
9780
9781
9782
9784
9785
9785
9785
9786
9787
9788
9790
9790
9790
9791
9792
9792
9793
9796
9796
9796
9796
9796
9796
9796
9796
9797
9798
9798
9799
9801
9802
9802
9802
9802
9803
9804
9804
9805
9806
9806
9807
9807
9807
9808
9809
9811
9811
9811
9812
9812
9812
9812
9812
9813
9814
9815
9816
9816
9816
9816
9817
9818
9819
9820
9820
9821
9821
9821
9822
9823
9824
9824
9825
9826
9826
9827
9828
9828
9829
9830
9831
9832
9834
9835
9836
9838
9838
9838
9838
9838
9838
9838
9839
9841
9842
9842
9842
9843
9844
9844
9844
9844
9845
9846
9846
9846
9847
9848
9849
9849
9849
9850
9851
9852
9853
9854
9855
9856
9857
9858
9859
9860
9860
9861
9861
9861
9861
9862
9863
9864
9864
9865
9866
9868
9868
9869
9869
9871
9871
9871
9873
9874
9874
9874
9875
9876
9876
9877
9877
9877
9878
9879
9881
9881
9882
9882
9882
9882
9884
9885
9885
9885
9886
9887
9888
9889
9889
9890
9892
9893
9894
9894
9895
9896
9898
9899
9901
9901
9901
9901
9901
9901
9901
9902
9902
9902
9902
9903
9904
9905
9906
9906
9907
9907
9908
9909
9909
9910
9911
9911
9912
9912
9914
9914
9915
9917
9918
9919
9921
9921
9921
9923
9923
9923
9923
9925
9925
9926
9926
9927
9927
9929
9929
9929
9930
9931
9931
9932
9933
9933
9933
9934
9935
9935
9935
9935
9935
9935
9936
9936
9936
9936
9936
9936
9936
9937
9937
9937
9937
9938
9938
9939
9939
9940
9941
9943
9943
9943
9944
9944
9945
9946
9947
9948
9949
9949
9949
9950
9951
9951
9951
9951
9952
9952
9952
9953
9954
9955
9956
9957
9957
9957
9957
9958
9959
9959
9960
9960
9961
9963
9964
9964
9964
9964
9965
9965
9965
9965
9965
9965
9966
9967
9969
9969
9970
9970
9970
9971
9971
9971
9971
9971
9973
9974
9975
9975
9976
9976
9978
9978
9978
9979
9979
9980
9981
9982
9983
9984
9984
9985
9985
9986
9987
9989
9990
9991
9992
9993
9993
9993
9993
9994
9995
9996
9997
9998
9998
9998
9998
9998
9998
9999
10000
10001
10002
10002
10003
10004
10004
10004
10004
10004
10005
10007
10007
10007
10007
10008
10008
10009
10009
10010
10011
10012
10013
10014
10015
10015
10016
10016
10017
10018
10018
10019
10019
10020
10020
10020
10021
10021
10021
10021
10022
10023
10023
10023
10024
10024
10024
10024
10025
10025
10025
10025
10026
10027
10028
10030
10031
10032
10032
10032
10033
10033
10034
10034
10035
10035
10036
10036
10037
10038
10038
10040
10040
10040
10041
10042
10042
10042
10042
10043
10044
10045
10045
10046
10047
10047
10048
10049
10049
10050
10050
10051
10051
10052
10053
10053
10053
10053
10053
10054
10054
10056
10057
10057
10058
10058
10058
10058
10059
10060
10060
10061
10061
10062
10062
10062
10063
10064
10065
10066
10066
10067
10068
10070
10072
10072
10072
10073
10073
10074
10074
10074
10075
10076
10077
10077
10078
10079
10080
10081
10081
10081
10082
10083
10083
10083
10084
10085
10085
10086
10087
10087
10087
10087
10088
10088
10089
10090
10090
10090
10092
10093
10094
10094
10095
10096
10097
10097
10097
10097
10098
10098
10098
10099
10100
10100
10101
10102
10103
10103
10104
10104
10105
10106
10106
10107
10108
10108
10110
10111
10111
10111
10112
10112
10113
10113
10114
10115
10117
10118
10118
10119
10121
10121
10121
10122
10123
10123
10124
10124
10126
10126
10127
10127
10127
10127
10127
10128
10129
10129
10129
10130
10131
10131
10131
10131
10131
10131
10131
10131
10131
10131
10131
10131
10132
10133
10135
10136
10136
10136
10138
10139
10139
10139
10139
10140
10142
10143
10144
10145
10145
10146
10148
10148
10149
10150
10151
10151
10151
10152
10153
10154
10154
10155
10156
10157
10157
10157
10158
10158
10159
10159
10160
10161
10161
10162
10162
10163
10164
10164
10165
10165
10165
10165
10166
10166
10166
10167
10168
10169
10169
10169
10170
10171
10171
10172
10173
10173
10173
10174
10175
10175
10176
10178
10178
10178
10178
10179
10180
10181
10181
10181
10181
10182
10183
10184
10184
10186
10186
10186
10187
10188
10189
10189
10190
10190
10190
10190
10191
10191
10192
10192
10192
10192
10192
10193
10193
10193
10195
10195
10195
10195
10195
10195
10196
10197
10198
10199
10200
10202
10202
10202
10203
10203
10203
10204
10205
10206
10206
10207
10208
10209
10209
10210
10211
10213
10214
10215
10215
10215
10215
10216
10218
10219
10219
10221
10221
10221
10221
10223
10223
10223
10223
10224
10224
10224
10225
10225
10226
10226
10226
10227
10229
10230
10231
10232
10234
10234
10235
10236
10236
10238
10239
10240
10240
10240
10240
10242
10243
10243
10243
10243
10244
10245
10245
10245
10245
10246
10248
10248
10248
10248
10248
10249
10249
10250
10251
10251
10252
10252
10253
10253
10253
10254
10255
10255
10255
10256
10256
10257
10258
10259
10260
10260
10261
10262
10262
10262
10262
10262
10263
10264
10264
10265
10266
10268
10269
10269
10270
10272
10272
10273
10273
10275
10276
10277
10279
10280
10280
10281
10282
10283
10283
10283
10283
10284
10285
10285
10285
10285
10285
10286
10287
10287
10287
10287
10287
10288
10289
10289
10290
10291
10291
10292
10293
10294
10294
10294
10295
10296
10296
10298
10299
10299
10300
10300
10300
10302
10303
10304
10304
10304
10305
10306
10306
10308
10308
10308
10309
10310
10312
10312
10313
10313
10314
10315
10317
10317
10317
10317
10318
10319
10319
10321
10323
10323
10324
10325
10327
10327
10328
10328
10329
10329
10329
10330
10330
10331
10333
10334
10334
10334
10334
10335
10336
10337
10338
10338
10339
10339
10339
10339
10340
10340
10340
10341
10341
10341
10342
10342
10343
10343
10344
10344
10345
10346
10346
10346
10347
10348
10349
10350
10350
10350
10351
10352
10352
10352
10353
10354
10355
10355
10356
10357
10358
10358
10358
10359
10360
10361
10360
10360
10361
10361
10362
10363
10364
10364
10366
10367
10368
10368
10368
10369
10369
10370
10371
10371
10372
10373
10374
10374
10374
10375
10376
10378
10379
10380
10380
10380
10380
10381
10382
10382
10382
10384
10386
10387
10387
10387
10387
10389
10391
10393
10394
10394
10395
10396
10397
10397
10397
10397
10398
10398
10399
10399
10399
10401
10403
10403
10403
10403
10403
10405
10407
10408
10408
10409
10409
10411
10413
10413
10413
10413
10415
10415
10415
10417
10419
10420
10420
10421
10422
10423
10424
10425
10425
10425
10427
10429
10429
10429
10429
10429
10431
10433
10435
10435
10436
10437
10437
10437
10439
10440
10441
10440
10441
10441
10442
10444
10445
10446
10447
10447
10448
10449
10449
10449
10451
10452
10454
10455
10457
10458
10459
10459
10459
10460
10461
10461
10462
10464
10465
10467
10468
10468
10469
10470
10470
10470
10472
10472
10472
10473
10474
10475
10476
10477
10477
10477
10478
10480
10481
10482
10483
10483
10483
10483
10484
10486
10486
10486
10486
10486
10486
10486
10488
10488
10488
10489
10490
10490
10492
10492
10493
10494
10495
10496
10496
10496
10497
10499
10499
10499
10500
10501
10501
10501
10502
10503
10504
10505
10505
10506
10507
10507
10509
10509
10510
10511
10511
10511
10511
10513
10514
10514
10514
10516
10516
10517
10518
10519
10519
10520
10520
10521
10521
10522
10524
10525
10526
10526
10526
10526
10528
10528
10528
10528
10529
10529
10529
10531
10532
10532
10533
10535
10535
10536
10536
10536
10536
10538
10538
10538
10538
10538
10539
10539
10539
10540
10542
10543
10543
10543
10544
10544
10544
10544
10546
10547
10547
10548
10549
10549
10550
10550
10551
10551
10551
10551
10552
10554
10555
10555
10555
10555
10557
10558
10558
10559
10561
10561
10562
10562
10563
10564
10564
10564
10565
10567
10567
10567
10567
10569
10569
10569
10570
10570
10570
10572
10574
10574
10574
10575
10575
10576
10576
10577
10578
10578
10579
10579
10580
10581
10581
10581
10582
10582
10582
10584
10584
10584
10585
10586
10586
10586
10586
10586
10587
10588
10590
10590
10590
10590
10590
10592
10592
10592
10592
10592
10593
10593
10594
10594
10595
10596
10597
10597
10597
10599
10599
10600
10600
10600
10601
10602
10602
10602
10603
10604
10605
10605
10606
10607
10609
10609
10609
10609
10609
10609
10610
10611
10611
10611
10611
10613
10614
10614
10614
10615
10615
10615
10617
10617
10617
10619
10619
10621
10622
10623
10623
10623
10623
10623
10623
10624
10625
10625
10626
10626
10626
10626
10627
10627
10627
10628
10629
10630
10631
10631
10631
10631
10632
10633
10633
10633
10634
10634
10635
10635
10635
10636
10637
10637
10639
10639
10639
10641
10641
10641
10641
10641
10642
10642
10642
10643
10643
10643
10643
10643
10644
10645
10645
10645
10645
10645
10645
10645
10646
10646
10646
10648
10650
10651
10651
10652
10652
10652
10653
10653
10653
10653
10653
10654
10655
10655
10655
10655
10657
10659
10659
10659
10659
10660
10661
10662
10663
10663
10664
10664
10664
10664
10665
10665
10665
10665
10666
10667
10667
10667
10667
10668
10668
10668
10669
10669
10669
10669
10670
10670
10670
10671
10671
10671
10672
10672
10673
10673
10673
10674
10674
10674
10675
10675
10675
10675
10675
10675
10676
10676
10677
10677
10678
10678
10679
10679
10679
10679
10679
10679
10679
10680
10681
10681
10681
10682
10683
10683
10683
10683
10683
10683
10684
10685
10685
10685
10685
10686
10687
10688
10688
10689
10690
10690
10690
10690
10691
10691
10691
10692
10692
10692
10692
10693
10694
10695
10695
10695
10695
10695
10695
10695
10697
10698
10698
10698
10698
10698
10699
10699
10699
10700
10700
10700
10700
10701
10701
10701
10701
10701
10701
10702
10703
10703
10703
10704
10704
10704
10704
10705
10705
10705
10705
10706
10706
10706
10706
10707
10707
10708
10708
10709
10709
10709
10709
10710
10710
10710
10711
10712
10712
10712
10713
10713
10713
10713
10713
10715
10715
10715
10715
10715
10716
10716
10715
10716
10716
10716
10716
10716
10717
10717
10718
10719
10719
10720
10720
10720
10721
10721
10722
10722
10723
